RUN 0
probablistic_multi teamdraft_multi probabilistic_inter sample_probablistic_multi
1 0.8 0.7 1.0 0.9
2 0.8 0.3 1.0 0.3
3 0.5 0.3 1.0 0.4
4 0.8 0.2 0.9 0.4
5 0.1 0.3 0.9 0.3
6 0.4 0.3 0.9 0.3
7 0.2 0.4 0.8 0.2
8 0.4 0.3 0.8 0.2
9 0.4 0.3 0.8 0.2
10 0.4 0.3 0.8 0.2
11 0.3 0.3 0.8 0
12 0.3 0.4 0.9 0.1
13 0.2 0.4 0.8 0
14 0.2 0.3 0.8 0.1
15 0.2 0.3 0.8 0
16 0.2 0.2 0.8 0
17 0.2 0.2 0.7 0
18 0.2 0.2 0.7 0
19 0.2 0.2 0.7 0
20 0.2 0.2 0.8 0
21 0.2 0.1 0.7 0.1
22 0.2 0.2 0.7 0.1
23 0.2 0.1 0.7 0.1
24 0.2 0.1 0.7 0.1
25 0.2 0.1 0.7 0.1
26 0.2 0.2 0.6 0.1
27 0.2 0.1 0.6 0.1
28 0.2 0.2 0.7 0.1
29 0.2 0.2 0.7 0.1
30 0.2 0.2 0.7 0.1
31 0.1 0.2 0.7 0.1
32 0.1 0.1 0.8 0.1
33 0 0.2 0.8 0.1
34 0.1 0.2 0.7 0.1
35 0 0.2 0.7 0.1
36 0.1 0.2 0.7 0.1
37 0.1 0.2 0.7 0.1
38 0.1 0.2 0.7 0.1
39 0.1 0.1 0.6 0.1
40 0.1 0.2 0.6 0.1
41 0 0.2 0.6 0.1
42 0.1 0.1 0.6 0.1
43 0 0.1 0.6 0.1
44 0.1 0.2 0.6 0.1
45 0 0.2 0.6 0.1
46 0 0.1 0.5 0.1
47 0 0.2 0.5 0.1
48 0.1 0.1 0.5 0.1
49 0 0.1 0.5 0.1
50 0.1 0.1 0.5 0.1
51 0.1 0.1 0.5 0.1
52 0.2 0.1 0.5 0.1
53 0.2 0.1 0.5 0.1
54 0.2 0.1 0.5 0.1
55 0.2 0.1 0.4 0.1
56 0.2 0.1 0.4 0.1
57 0.2 0.1 0.4 0.1
58 0.2 0.1 0.4 0.1
59 0.2 0.1 0.3 0.1
60 0.2 0.1 0.3 0.1
61 0.2 0.1 0.3 0.1
62 0.2 0.2 0.3 0.1
63 0.2 0.2 0.3 0.1
64 0.2 0.2 0.3 0.1
65 0.2 0.2 0.3 0.1
66 0.2 0.2 0.3 0.1
67 0.2 0.2 0.3 0.1
68 0.2 0.2 0.3 0.1
69 0.2 0.2 0.3 0.1
70 0.2 0.2 0.3 0.1
71 0.1 0.2 0.3 0.1
72 0.2 0.2 0.3 0.1
73 0.2 0.2 0.3 0.1
74 0.2 0.2 0.3 0.1
75 0.2 0.2 0.3 0.1
76 0.2 0.2 0.3 0.1
77 0.2 0.2 0.3 0.1
78 0.2 0.2 0.3 0.1
79 0.2 0.2 0.3 0.1
80 0.2 0.2 0.3 0.1
81 0.2 0.2 0.3 0.1
82 0.2 0.2 0.3 0
83 0.2 0.2 0.2 0
84 0.2 0.2 0.2 0
85 0.2 0.2 0.2 0
86 0.2 0.2 0.2 0
87 0.2 0.2 0.2 0
88 0.2 0.2 0.1 0
89 0.2 0.2 0.1 0
90 0.2 0.2 0.1 0
91 0.2 0.2 0.1 0
92 0.2 0.2 0.1 0
93 0.2 0.2 0.1 0
94 0.2 0.2 0.1 0
95 0.2 0.2 0.1 0
96 0.2 0.2 0.1 0
97 0.2 0.2 0.1 0
98 0.2 0.2 0.1 0
99 0.1 0.2 0.2 0
100 0.3 0.2 0.2 0
101 0.2 0.2 0.2 0
102 0.2 0.2 0.2 0
103 0.2 0.2 0.2 0
104 0.2 0.2 0.2 0
105 0.2 0.2 0.2 0
106 0.2 0.2 0.2 0
107 0.2 0.2 0.1 0
108 0.2 0.2 0.1 0
109 0.2 0.2 0.1 0
110 0.2 0.2 0.1 0
111 0.2 0.2 0.1 0
112 0.2 0.2 0.1 0
113 0.2 0.2 0.1 0
114 0.2 0.2 0.2 0
115 0.2 0.2 0.2 0
116 0.2 0.2 0.2 0
117 0.2 0.2 0.2 0
118 0.2 0.2 0.2 0
119 0.2 0.2 0.2 0
120 0.2 0.2 0.2 0
121 0.2 0.2 0.2 0
122 0.2 0.2 0.2 0
123 0.2 0.2 0.2 0
124 0.2 0.2 0.2 0
125 0.2 0.2 0.1 0
126 0.2 0.2 0.1 0
127 0.1 0.2 0.1 0
128 0.1 0.2 0.1 0
129 0.1 0.2 0.1 0
130 0.1 0.2 0.1 0
131 0.1 0.2 0.2 0
132 0.1 0.1 0.2 0
133 0.1 0.1 0.2 0
134 0.1 0.1 0.2 0
135 0.1 0.1 0.2 0
136 0.2 0.1 0.2 0
137 0.1 0.1 0.2 0
138 0.1 0.2 0.2 0
139 0.1 0.2 0.2 0
140 0.1 0.2 0.2 0
141 0.1 0.2 0.2 0
142 0.1 0.2 0.2 0
143 0.1 0.2 0.2 0
144 0.1 0.2 0.2 0
145 0.1 0.2 0.2 0
146 0.1 0.2 0.2 0
147 0.1 0.2 0.2 0
148 0.1 0.2 0.2 0
149 0.1 0.2 0.2 0
150 0.1 0.2 0.2 0
151 0.1 0.2 0.2 0
152 0.1 0.2 0.3 0
153 0.1 0.2 0.3 0
154 0.1 0.2 0.3 0
155 0.1 0.2 0.3 0
156 0.1 0.2 0.3 0
157 0.1 0.2 0.3 0
158 0.1 0.2 0.3 0
159 0.1 0.2 0.3 0
160 0.1 0.2 0.3 0
161 0.1 0.2 0.3 0
162 0.1 0.2 0.3 0
163 0 0.2 0.3 0
164 0.1 0.2 0.3 0
165 0 0.2 0.3 0
166 0.1 0.3 0.3 0
167 0 0.3 0.4 0
168 0.1 0.3 0.4 0
169 0.1 0.3 0.4 0
170 0.1 0.3 0.4 0
171 0.1 0.3 0.4 0
172 0.1 0.2 0.4 0
173 0.1 0.3 0.4 0
174 0.1 0.3 0.4 0
175 0.1 0.3 0.4 0
176 0.1 0.3 0.4 0
177 0.1 0.4 0.4 0
178 0.1 0.4 0.4 0
179 0.1 0.4 0.4 0
180 0.1 0.4 0.4 0
181 0 0.4 0.4 0
182 0.1 0.4 0.4 0
183 0.1 0.4 0.4 0
184 0.1 0.3 0.4 0
185 0.1 0.3 0.4 0
186 0.1 0.3 0.4 0
187 0.1 0.3 0.4 0
188 0.1 0.2 0.4 0
189 0.1 0.3 0.4 0
190 0.1 0.3 0.4 0
191 0.1 0.3 0.4 0
192 0.1 0.3 0.4 0
193 0.1 0.3 0.5 0
194 0.1 0.3 0.5 0
195 0.1 0.3 0.5 0
196 0.1 0.3 0.5 0
197 0.1 0.3 0.5 0
198 0.1 0.3 0.5 0
199 0.1 0.3 0.5 0
200 0.1 0.3 0.5 0
201 0.1 0.4 0.5 0
202 0.1 0.4 0.5 0
203 0.1 0.4 0.5 0
204 0.1 0.4 0.5 0
205 0.1 0.4 0.5 0
206 0.1 0.4 0.5 0
207 0.1 0.4 0.5 0
208 0.1 0.4 0.5 0
209 0.1 0.4 0.5 0
210 0.1 0.4 0.5 0
211 0 0.4 0.5 0
212 0 0.4 0.5 0
213 0 0.4 0.5 0
214 0 0.4 0.5 0
215 0 0.4 0.5 0
216 0 0.3 0.5 0
217 0 0.3 0.5 0
218 0 0.3 0.5 0
219 0 0.3 0.4 0
220 0 0.3 0.3 0
221 0 0.3 0.3 0
222 0 0.3 0.3 0
223 0 0.2 0.3 0
224 0 0.2 0.3 0
225 0 0.2 0.3 0
226 0 0.2 0.3 0
227 0 0.2 0.3 0
228 0 0.3 0.2 0
229 0 0.3 0.2 0
230 0 0.3 0.1 0
231 0 0.3 0.1 0
232 0 0.3 0.1 0
233 0 0.3 0.1 0
234 0 0.3 0.1 0
235 0 0.3 0.1 0
236 0 0.3 0.1 0
237 0 0.3 0.1 0
238 0 0.3 0.1 0
239 0 0.3 0.1 0
240 0 0.3 0.1 0
241 0 0.3 0.1 0
242 0 0.3 0.1 0
243 0 0.3 0.1 0
244 0 0.3 0.1 0
245 0 0.3 0.1 0
246 0 0.3 0.1 0
247 0 0.3 0.1 0
248 0 0.3 0.1 0
249 0 0.3 0.1 0
250 0 0.2 0.1 0
251 0 0.3 0.1 0
252 0 0.3 0.1 0
253 0 0.3 0.1 0
254 0 0.2 0.1 0
255 0 0.2 0.1 0
256 0 0.2 0.1 0
257 0 0.2 0.1 0
258 0 0.2 0.1 0
259 0 0.2 0.1 0
260 0 0.2 0.1 0
261 0 0.2 0.1 0
262 0.1 0.2 0.1 0
263 0.1 0.2 0.1 0
264 0.1 0.2 0.1 0
265 0.1 0.2 0.1 0
266 0.1 0.2 0.1 0
267 0.1 0.2 0.1 0
268 0.2 0.2 0.1 0
269 0.2 0.2 0.1 0
270 0.2 0.2 0.1 0
271 0.2 0.2 0.1 0
272 0.2 0.2 0.1 0
273 0.2 0.2 0.1 0
274 0.2 0.2 0.1 0
275 0.2 0.2 0.1 0
276 0.2 0.2 0.1 0
277 0.2 0.2 0.1 0
278 0.2 0.2 0.1 0
279 0.1 0.2 0.1 0
280 0.2 0.2 0.1 0
281 0.2 0.2 0.1 0
282 0.2 0.2 0.1 0
283 0.2 0.2 0.1 0
284 0.2 0.2 0.1 0
285 0.2 0.2 0.2 0
286 0.2 0.2 0.2 0
287 0.2 0.2 0.2 0
288 0.2 0.2 0.2 0
289 0.2 0.2 0.3 0
290 0.2 0.2 0.3 0
291 0.2 0.2 0.3 0
292 0.2 0.2 0.3 0
293 0.2 0.2 0.3 0
294 0.2 0.2 0.3 0
295 0.2 0.2 0.3 0
296 0.2 0.2 0.3 0
297 0.2 0.2 0.3 0
298 0.1 0.2 0.3 0
299 0.1 0.2 0.3 0
300 0.1 0.2 0.3 0
301 0.2 0.2 0.3 0
302 0.1 0.2 0.3 0
303 0.2 0.2 0.3 0
304 0.1 0.2 0.3 0
305 0.1 0.2 0.2 0
306 0 0.2 0.2 0
307 0.1 0.2 0.2 0
308 0 0.2 0.2 0
309 0 0.2 0.2 0
310 0 0.2 0.2 0
311 0 0.2 0.2 0
312 0 0.2 0.3 0
313 0 0.2 0.3 0
314 0 0.2 0.3 0
315 0 0.2 0.3 0
316 0 0.2 0.3 0
317 0 0.2 0.3 0
318 0 0.2 0.3 0
319 0 0.2 0.3 0
320 0 0.2 0.2 0
321 0 0.2 0.2 0
322 0 0.2 0.2 0
323 0 0.2 0.2 0
324 0 0.2 0.3 0
325 0 0.2 0.3 0
326 0 0.2 0.3 0
327 0 0.2 0.3 0
328 0 0.2 0.2 0
329 0 0.2 0.2 0
330 0 0.2 0.2 0
331 0 0.2 0.2 0
332 0 0.2 0.2 0
333 0 0.2 0.2 0
334 0 0.2 0.2 0
335 0 0.2 0.2 0
336 0 0.2 0.2 0
337 0 0.2 0.3 0
338 0 0.2 0.3 0
339 0 0.2 0.3 0
340 0 0.2 0.3 0
341 0 0.2 0.3 0
342 0 0.2 0.2 0
343 0 0.2 0.2 0
344 0 0.2 0.2 0
345 0 0.2 0.2 0
346 0 0.2 0.2 0
347 0 0.2 0.2 0
348 0 0.2 0.2 0
349 0 0.2 0.2 0
350 0 0.2 0.2 0
351 0 0.1 0.2 0
352 0 0.1 0.2 0
353 0 0.1 0.3 0
354 0 0.1 0.4 0
355 0 0.1 0.4 0
356 0 0.1 0.3 0
357 0 0.1 0.3 0
358 0 0.1 0.3 0
359 0 0.2 0.3 0
360 0 0.2 0.3 0
361 0 0.2 0.3 0
362 0 0.1 0.3 0
363 0 0.1 0.3 0
364 0 0.1 0.3 0
365 0 0.1 0.3 0
366 0 0.1 0.3 0
367 0 0.1 0.3 0
368 0 0.1 0.3 0
369 0 0.1 0.3 0
370 0 0.1 0.3 0
371 0 0.1 0.3 0
372 0 0.1 0.3 0
373 0 0.1 0.3 0
374 0 0.1 0.3 0
375 0 0.1 0.3 0
376 0 0.1 0.3 0
377 0 0.1 0.3 0
378 0 0.1 0.3 0
379 0 0.1 0.3 0
380 0 0.1 0.3 0
381 0 0.1 0.3 0
382 0 0.1 0.3 0
383 0 0.1 0.3 0
384 0 0.1 0.3 0
385 0 0.1 0.3 0
386 0 0.1 0.3 0
387 0 0.1 0.3 0
388 0 0.1 0.3 0
389 0 0.1 0.3 0
390 0 0.1 0.3 0
391 0 0.1 0.3 0
392 0 0.1 0.3 0
393 0 0.1 0.3 0
394 0 0.1 0.3 0
395 0 0.1 0.3 0
396 0 0.1 0.3 0
397 0 0.1 0.3 0
398 0 0.1 0.3 0
399 0 0.1 0.3 0
400 0 0.1 0.3 0
401 0 0.1 0.3 0
402 0 0.1 0.3 0
403 0 0.1 0.2 0
404 0 0.1 0.2 0
405 0 0.1 0.2 0
406 0 0.1 0.2 0
407 0 0.1 0.2 0
408 0 0.1 0.2 0
409 0 0.1 0.3 0
410 0 0.1 0.3 0
411 0 0.1 0.3 0
412 0 0.1 0.3 0
413 0 0.1 0.3 0
414 0 0.1 0.3 0
415 0 0.1 0.3 0
416 0 0.1 0.3 0
417 0 0.1 0.3 0
418 0 0.1 0.3 0
419 0 0.1 0.3 0
420 0 0.1 0.3 0
421 0 0.1 0.3 0
422 0 0.1 0.3 0
423 0 0.1 0.3 0
424 0 0.1 0.3 0
425 0 0.1 0.3 0
426 0 0.1 0.3 0
427 0 0.1 0.3 0
428 0 0.1 0.3 0
429 0 0.1 0.3 0
430 0 0.1 0.3 0
431 0 0.1 0.3 0
432 0 0.1 0.3 0
433 0 0.1 0.3 0
434 0 0.1 0.3 0
435 0 0.1 0.3 0
436 0 0.1 0.3 0
437 0 0.1 0.3 0
438 0 0.1 0.3 0
439 0 0.1 0.3 0
440 0 0.1 0.3 0
441 0 0.1 0.3 0
442 0 0.1 0.3 0
443 0 0.1 0.3 0
444 0 0.1 0.3 0
445 0 0.1 0.3 0
446 0 0.1 0.3 0
447 0 0.1 0.3 0
448 0 0.1 0.3 0
449 0 0.1 0.4 0
450 0 0.1 0.4 0
451 0 0.1 0.4 0
452 0 0.1 0.4 0
453 0 0.1 0.4 0
454 0 0.1 0.4 0
455 0 0.1 0.4 0
456 0 0.1 0.4 0
457 0 0.1 0.4 0
458 0 0.1 0.4 0
459 0 0.1 0.4 0
460 0 0.1 0.4 0
461 0 0.1 0.4 0
462 0 0.1 0.4 0
463 0 0.1 0.4 0
464 0 0.1 0.4 0
465 0 0.1 0.4 0
466 0 0.1 0.4 0
467 0 0.1 0.4 0
468 0 0.1 0.4 0
469 0 0.1 0.4 0
470 0 0.1 0.4 0
471 0 0.1 0.4 0
472 0 0.1 0.4 0
473 0 0.1 0.4 0
474 0 0.1 0.4 0
475 0 0 0.4 0
476 0 0 0.4 0
477 0 0 0.4 0
478 0 0 0.4 0
479 0 0 0.4 0
480 0 0 0.4 0
481 0 0.1 0.4 0
482 0 0 0.4 0
483 0 0 0.4 0
484 0 0 0.4 0
485 0 0 0.4 0
486 0 0 0.4 0
487 0 0 0.4 0
488 0 0 0.4 0
489 0 0 0.4 0
490 0 0 0.4 0
491 0 0 0.4 0
492 0 0 0.4 0
493 0 0 0.4 0
494 0 0 0.4 0
495 0 0 0.4 0
496 0 0 0.4 0
497 0 0 0.4 0
498 0 0 0.4 0
499 0 0 0.4 0
500 0 0 0.4 0
501 0 0 0.4 0
502 0 0 0.4 0
503 0 0 0.4 0
504 0 0 0.4 0
505 0 0 0.4 0
506 0 0 0.4 0
507 0 0 0.4 0
508 0 0 0.4 0
509 0 0 0.4 0
510 0 0 0.4 0
511 0 0 0.4 0
512 0 0 0.4 0
513 0 0 0.4 0
514 0 0 0.4 0
515 0 0 0.4 0
516 0 0 0.4 0
517 0 0 0.4 0
518 0 0 0.4 0
519 0 0 0.4 0
520 0 0 0.4 0
521 0 0 0.4 0
522 0 0 0.4 0
523 0 0 0.4 0
524 0 0 0.4 0
525 0 0 0.4 0
526 0 0 0.4 0
527 0 0 0.4 0
528 0 0 0.4 0
529 0 0 0.4 0
530 0 0 0.4 0
531 0 0 0.4 0
532 0 0 0.4 0
533 0 0 0.4 0
534 0 0 0.4 0
535 0 0 0.4 0
536 0 0 0.4 0
537 0 0 0.4 0
538 0 0 0.4 0
539 0 0 0.4 0
540 0 0 0.4 0
541 0 0 0.4 0
542 0 0 0.4 0
543 0 0 0.4 0
544 0 0 0.4 0
545 0 0 0.4 0
546 0 0 0.4 0
547 0 0 0.4 0
548 0 0 0.4 0
549 0 0 0.4 0
550 0 0 0.4 0
551 0 0 0.5 0
552 0 0 0.5 0
553 0 0 0.5 0
554 0 0 0.5 0
555 0 0 0.5 0
556 0 0 0.5 0
557 0 0 0.5 0
558 0 0 0.4 0
559 0 0 0.4 0
560 0 0 0.4 0
561 0 0 0.4 0
562 0 0 0.4 0
563 0 0 0.4 0
564 0 0 0.3 0
565 0 0 0.3 0
566 0 0 0.3 0
567 0 0 0.3 0
568 0 0 0.3 0
569 0 0 0.3 0
570 0 0.1 0.3 0
571 0 0.1 0.3 0
572 0 0.1 0.3 0
573 0 0.1 0.3 0
574 0 0.1 0.4 0
575 0 0.1 0.4 0
576 0 0.1 0.4 0
577 0 0.1 0.4 0
578 0 0.1 0.4 0
579 0 0.1 0.4 0
580 0 0.1 0.3 0
581 0 0.1 0.3 0
582 0 0.1 0.3 0
583 0 0.1 0.3 0
584 0 0.1 0.3 0
585 0 0.1 0.3 0
586 0 0.1 0.3 0
587 0 0.1 0.3 0
588 0 0 0.3 0
589 0 0 0.3 0
590 0 0 0.3 0
591 0 0 0.3 0
592 0 0 0.3 0
593 0 0 0.3 0
594 0 0 0.3 0
595 0 0 0.3 0
596 0 0 0.3 0
597 0 0 0.3 0
598 0 0.1 0.3 0
599 0 0.1 0.3 0
600 0 0 0.3 0
601 0 0.1 0.3 0
602 0 0.1 0.3 0
603 0 0.1 0.3 0
604 0 0.1 0.3 0
605 0 0.1 0.3 0
606 0 0.1 0.3 0
607 0 0.1 0.3 0
608 0 0.1 0.3 0
609 0 0.1 0.3 0
610 0 0.1 0.3 0
611 0 0.1 0.3 0
612 0 0.1 0.3 0
613 0 0.1 0.3 0
614 0 0.1 0.3 0
615 0 0.1 0.3 0
616 0 0.1 0.3 0
617 0 0.1 0.3 0
618 0 0.1 0.3 0
619 0 0.1 0.3 0
620 0 0.1 0.3 0
621 0 0.1 0.3 0
622 0 0.1 0.3 0
623 0 0.1 0.3 0
624 0 0.1 0.3 0
625 0 0.1 0.3 0
626 0 0.1 0.3 0
627 0 0.1 0.3 0
628 0 0.1 0.3 0
629 0 0.1 0.3 0
630 0 0.1 0.3 0
631 0 0.1 0.3 0
632 0 0.1 0.3 0
633 0 0.1 0.3 0
634 0 0.1 0.3 0
635 0 0.1 0.3 0
636 0 0 0.3 0
637 0 0 0.3 0
638 0 0 0.3 0
639 0 0 0.3 0
640 0 0 0.3 0
641 0 0 0.3 0
642 0 0 0.3 0
643 0 0 0.3 0
644 0 0.1 0.3 0
645 0 0.1 0.3 0
646 0 0.1 0.3 0
647 0 0.1 0.3 0
648 0 0.1 0.3 0
649 0 0.1 0.3 0
650 0 0.1 0.3 0
651 0 0.1 0.3 0
652 0 0.1 0.3 0
653 0 0.1 0.3 0
654 0 0.1 0.3 0
655 0 0.1 0.3 0
656 0 0.1 0.3 0
657 0 0 0.3 0
658 0 0 0.3 0
659 0 0 0.3 0
660 0 0 0.3 0
661 0 0 0.3 0
662 0 0 0.3 0
663 0 0 0.3 0
664 0 0 0.3 0
665 0 0 0.3 0
666 0 0 0.3 0
667 0 0 0.3 0
668 0 0 0.3 0
669 0 0 0.3 0
670 0 0 0.3 0
671 0 0 0.3 0
672 0 0 0.3 0
673 0 0 0.3 0
674 0 0 0.3 0
675 0 0 0.3 0
676 0 0 0.3 0
677 0 0 0.3 0
678 0 0 0.3 0
679 0 0.1 0.3 0
680 0 0 0.3 0
681 0 0.1 0.3 0
682 0 0.1 0.3 0
683 0 0.1 0.3 0
684 0 0.1 0.3 0
685 0 0 0.3 0
686 0 0.1 0.3 0
687 0 0.1 0.3 0
688 0 0.1 0.3 0
689 0 0.1 0.3 0
690 0 0.1 0.3 0
691 0 0.1 0.3 0
692 0 0.1 0.3 0
693 0 0.1 0.3 0
694 0 0.1 0.3 0
695 0 0.1 0.3 0
696 0 0.1 0.3 0
697 0 0.1 0.3 0
698 0 0 0.3 0
699 0 0 0.3 0
700 0 0 0.3 0
701 0 0 0.3 0
702 0 0 0.3 0
703 0 0 0.3 0
704 0 0 0.3 0
705 0 0 0.3 0
706 0 0 0.4 0
707 0 0 0.4 0
708 0 0 0.4 0
709 0 0 0.4 0
710 0 0 0.4 0
711 0 0 0.4 0
712 0 0 0.4 0
713 0 0 0.4 0
714 0 0 0.4 0
715 0 0 0.4 0
716 0 0 0.4 0
717 0 0 0.4 0
718 0 0 0.4 0
719 0 0 0.4 0
720 0 0 0.4 0
721 0 0 0.4 0
722 0 0 0.4 0
723 0 0 0.4 0
724 0 0 0.4 0
725 0 0 0.4 0
726 0 0 0.3 0
727 0 0 0.3 0
728 0 0 0.3 0
729 0 0 0.3 0
730 0 0 0.3 0
731 0 0 0.3 0
732 0 0 0.3 0
733 0 0 0.3 0
734 0 0 0.3 0
735 0 0 0.3 0
736 0 0 0.3 0
737 0 0 0.3 0
738 0 0 0.3 0
739 0 0 0.3 0
740 0 0 0.3 0
741 0 0 0.3 0
742 0 0 0.3 0
743 0 0 0.3 0
744 0 0 0.3 0
745 0 0 0.3 0
746 0 0 0.3 0
747 0 0 0.3 0
748 0 0 0.3 0
749 0 0 0.3 0
750 0 0 0.3 0
751 0 0 0.3 0
752 0 0 0.3 0
753 0 0 0.3 0
754 0 0 0.3 0
755 0 0 0.3 0
756 0 0 0.3 0
757 0 0 0.3 0
758 0 0 0.3 0
759 0 0 0.3 0
760 0 0 0.3 0
761 0 0 0.3 0
762 0 0 0.3 0
763 0 0 0.3 0
764 0 0 0.3 0
765 0 0 0.3 0
766 0 0 0.3 0
767 0 0 0.3 0
768 0 0 0.3 0
769 0 0 0.3 0
770 0 0 0.3 0
771 0 0 0.3 0
772 0 0 0.3 0
773 0 0 0.3 0
774 0 0 0.3 0
775 0 0 0.3 0
776 0 0 0.3 0
777 0 0 0.3 0
778 0 0 0.3 0
779 0 0 0.3 0
780 0 0 0.3 0
781 0 0 0.3 0
782 0 0 0.3 0
783 0 0 0.3 0
784 0 0 0.3 0
785 0 0 0.3 0
786 0 0 0.3 0
787 0 0 0.3 0
788 0 0 0.3 0
789 0 0 0.3 0
790 0 0 0.3 0
791 0 0 0.3 0
792 0 0 0.3 0
793 0 0 0.3 0
794 0 0 0.3 0
795 0 0 0.3 0
796 0 0 0.3 0
797 0 0 0.3 0
798 0 0 0.3 0
799 0 0 0.3 0
800 0 0 0.3 0
801 0 0 0.3 0
802 0 0 0.3 0
803 0 0 0.3 0
804 0 0 0.3 0
805 0 0 0.3 0
806 0 0 0.3 0
807 0 0 0.3 0
808 0 0 0.3 0
809 0 0 0.3 0
810 0 0 0.3 0
811 0 0 0.3 0
812 0 0 0.3 0
813 0 0 0.3 0
814 0 0 0.3 0
815 0 0 0.3 0
816 0 0 0.3 0
817 0 0 0.3 0
818 0 0 0.3 0
819 0 0 0.3 0
820 0 0 0.3 0
821 0 0 0.3 0
822 0 0 0.3 0
823 0 0 0.3 0
824 0 0 0.3 0
825 0 0 0.3 0
826 0 0 0.3 0
827 0 0 0.3 0
828 0 0 0.3 0
829 0 0 0.3 0
830 0 0 0.3 0
831 0 0 0.3 0
832 0 0 0.3 0
833 0 0 0.3 0
834 0 0 0.3 0
835 0 0 0.3 0
836 0 0 0.3 0
837 0 0 0.3 0
838 0 0 0.3 0
839 0 0 0.3 0
840 0 0 0.3 0
841 0 0 0.3 0
842 0 0 0.3 0
843 0 0 0.3 0
844 0 0 0.3 0
845 0 0 0.3 0
846 0 0 0.3 0
847 0 0 0.3 0
848 0 0 0.3 0
849 0 0 0.3 0
850 0 0 0.3 0
851 0 0 0.3 0
852 0 0 0.3 0
853 0 0 0.3 0
854 0 0 0.3 0
855 0 0 0.3 0
856 0 0 0.3 0
857 0 0 0.3 0
858 0 0 0.3 0
859 0 0 0.3 0
860 0 0 0.3 0
861 0 0 0.3 0
862 0 0 0.3 0
863 0 0 0.3 0
864 0 0 0.3 0
865 0 0 0.3 0
866 0 0 0.3 0
867 0 0 0.3 0
868 0 0 0.3 0
869 0 0 0.4 0
870 0 0 0.4 0
871 0 0 0.4 0
872 0 0 0.3 0
873 0 0 0.3 0
874 0 0 0.3 0
875 0 0 0.3 0
876 0 0 0.3 0
877 0 0 0.3 0
878 0 0 0.4 0
879 0 0 0.4 0
880 0 0 0.4 0
881 0 0 0.4 0
882 0 0 0.4 0
883 0 0 0.4 0
884 0 0 0.4 0
885 0 0 0.4 0
886 0 0 0.4 0
887 0 0 0.4 0
888 0 0 0.4 0
889 0 0 0.4 0
890 0 0 0.4 0
891 0 0 0.4 0
892 0 0 0.4 0
893 0 0 0.4 0
894 0 0 0.4 0
895 0 0 0.4 0
896 0 0 0.4 0
897 0 0 0.4 0
898 0 0 0.4 0
899 0 0 0.4 0
900 0 0 0.4 0
901 0 0 0.4 0
902 0 0 0.4 0
903 0 0 0.4 0
904 0 0 0.4 0
905 0 0 0.4 0
906 0 0 0.4 0
907 0 0 0.4 0
908 0 0 0.4 0
909 0 0 0.4 0
910 0 0 0.4 0
911 0 0 0.4 0
912 0 0 0.4 0
913 0 0 0.4 0
914 0 0 0.4 0
915 0 0 0.4 0
916 0 0 0.4 0
917 0 0 0.4 0
918 0 0 0.4 0
919 0 0 0.4 0
920 0 0 0.4 0
921 0 0 0.4 0
922 0 0 0.4 0
923 0 0 0.4 0
924 0 0 0.4 0
925 0 0 0.4 0
926 0 0 0.4 0
927 0 0 0.4 0
928 0 0 0.4 0
929 0 0 0.4 0
930 0 0 0.4 0
931 0 0 0.4 0
932 0 0 0.4 0
933 0 0 0.4 0
934 0 0 0.4 0
935 0 0 0.4 0
936 0 0 0.4 0
937 0 0 0.4 0
938 0 0 0.4 0
939 0 0 0.4 0
940 0 0 0.4 0
941 0 0 0.4 0
942 0 0 0.4 0
943 0 0 0.4 0
944 0 0 0.4 0
945 0 0 0.4 0
946 0 0 0.4 0
947 0 0 0.4 0
948 0 0 0.4 0
949 0 0 0.4 0
950 0 0 0.4 0
951 0 0 0.4 0
952 0 0 0.4 0
953 0 0 0.4 0
954 0 0 0.4 0
955 0 0 0.4 0
956 0 0 0.4 0
957 0 0 0.4 0
958 0 0 0.4 0
959 0 0 0.4 0
960 0 0 0.4 0
961 0 0 0.4 0
962 0 0 0.4 0
963 0 0 0.4 0
964 0 0 0.4 0
965 0 0 0.4 0
966 0 0 0.4 0
967 0 0 0.4 0
968 0 0 0.4 0
969 0 0 0.4 0
970 0 0 0.4 0
971 0 0 0.4 0
972 0 0 0.4 0
973 0 0 0.4 0
974 0 0 0.4 0
975 0 0 0.4 0
976 0 0 0.4 0
977 0 0 0.4 0
978 0 0 0.4 0
979 0 0 0.4 0
980 0 0 0.4 0
981 0 0 0.4 0
982 0 0 0.4 0
983 0 0 0.4 0
984 0 0 0.4 0
985 0 0 0.4 0
986 0 0 0.4 0
987 0 0 0.4 0
988 0 0 0.4 0
989 0 0 0.4 0
990 0 0 0.4 0
991 0 0 0.4 0
992 0 0 0.4 0
993 0 0 0.4 0
994 0 0 0.4 0
995 0 0 0.4 0
996 0 0 0.4 0
997 0 0 0.4 0
998 0 0 0.4 0
999 0 0 0.4 0
1000 0 0 0.4 0

RUN 1
probablistic_multi teamdraft_multi probabilistic_inter sample_probablistic_multi
1 0.2 0.6 0.9 0.5
2 0.4 0.4 0.9 0.4
3 0.2 0.4 0.9 0.5
4 0.2 0.3 0.8 0.5
5 0.1 0.2 0.8 0.3
6 0.1 0.2 0.8 0.3
7 0.1 0.2 0.7 0.2
8 0.2 0.4 0.7 0.4
9 0.1 0.4 0.7 0.3
10 0.2 0.4 0.7 0.3
11 0.2 0.2 0.7 0.3
12 0.2 0.2 0.7 0.3
13 0.2 0.3 0.6 0.3
14 0.2 0.2 0.7 0.3
15 0.1 0.2 0.7 0.2
16 0.2 0.2 0.7 0.2
17 0.2 0.1 0.7 0.2
18 0.2 0.1 0.6 0.2
19 0.1 0.1 0.6 0.2
20 0.2 0.2 0.5 0.2
21 0.1 0.2 0.5 0
22 0.2 0.3 0.5 0
23 0.1 0.3 0.5 0
24 0.2 0.2 0.5 0
25 0.2 0.1 0.5 0
26 0.2 0.1 0.5 0
27 0.2 0.1 0.5 0.1
28 0.2 0.1 0.5 0.1
29 0.2 0.2 0.5 0.1
30 0.2 0.2 0.5 0.2
31 0.2 0.2 0.5 0.2
32 0.2 0.2 0.4 0.2
33 0.1 0.2 0.5 0.2
34 0.1 0.2 0.5 0.2
35 0.1 0.1 0.5 0.1
36 0.1 0.2 0.5 0
37 0.1 0.2 0.5 0
38 0.1 0.2 0.6 0
39 0.1 0.2 0.6 0
40 0.1 0.3 0.6 0.1
41 0.1 0.2 0.6 0.1
42 0.1 0.2 0.6 0.1
43 0.1 0.2 0.6 0
44 0.1 0.2 0.6 0
45 0.1 0.3 0.6 0
46 0.1 0.2 0.6 0.1
47 0.1 0.2 0.5 0.1
48 0.1 0.2 0.5 0.1
49 0.1 0.3 0.6 0.1
50 0.1 0.3 0.5 0
51 0.1 0.2 0.5 0.1
52 0.1 0.2 0.6 0.1
53 0.1 0.2 0.6 0.1
54 0.1 0.3 0.6 0
55 0.1 0.3 0.6 0
56 0.1 0.3 0.6 0
57 0.1 0.3 0.6 0
58 0.1 0.3 0.6 0
59 0.1 0.3 0.6 0
60 0.1 0.3 0.5 0
61 0.1 0.3 0.5 0
62 0.1 0.3 0.5 0
63 0.1 0.3 0.5 0
64 0.1 0.3 0.5 0
65 0.1 0.3 0.5 0
66 0.1 0.3 0.5 0
67 0.1 0.3 0.5 0
68 0.1 0.3 0.5 0
69 0.1 0.3 0.5 0
70 0.1 0.2 0.6 0
71 0.1 0.2 0.6 0
72 0.1 0.2 0.6 0
73 0.1 0.2 0.6 0
74 0.1 0.2 0.6 0
75 0.1 0.1 0.6 0
76 0.1 0.2 0.6 0.1
77 0.1 0.2 0.5 0.1
78 0.1 0.2 0.6 0
79 0 0.2 0.6 0
80 0.1 0.1 0.6 0.1
81 0 0.1 0.6 0.1
82 0 0.1 0.5 0.1
83 0 0.1 0.5 0.1
84 0 0.1 0.5 0.1
85 0 0.1 0.5 0.1
86 0 0.1 0.5 0.1
87 0 0.2 0.4 0.1
88 0 0.3 0.4 0.1
89 0 0.3 0.4 0.1
90 0 0.3 0.4 0.1
91 0 0.2 0.4 0
92 0 0.2 0.4 0
93 0 0.2 0.5 0
94 0 0.4 0.5 0
95 0 0.3 0.5 0
96 0 0.3 0.5 0
97 0 0.3 0.5 0
98 0 0.3 0.5 0
99 0 0.3 0.5 0
100 0 0.3 0.5 0
101 0 0.3 0.5 0
102 0 0.3 0.6 0
103 0 0.3 0.6 0
104 0 0.3 0.5 0
105 0 0.3 0.5 0
106 0 0.3 0.5 0
107 0 0.3 0.5 0
108 0 0.3 0.5 0
109 0 0.3 0.5 0
110 0 0.3 0.5 0
111 0 0.3 0.5 0
112 0 0.3 0.5 0
113 0 0.3 0.5 0
114 0 0.3 0.5 0
115 0 0.3 0.5 0
116 0 0.3 0.5 0
117 0 0.3 0.5 0
118 0 0.3 0.5 0
119 0 0.3 0.5 0
120 0 0.3 0.5 0
121 0 0.2 0.5 0
122 0 0.2 0.5 0
123 0 0.2 0.5 0
124 0 0.2 0.5 0
125 0 0.2 0.5 0
126 0 0.2 0.5 0
127 0 0.2 0.5 0
128 0 0.2 0.5 0
129 0 0.2 0.5 0
130 0 0.2 0.5 0
131 0 0.2 0.5 0
132 0 0.2 0.5 0
133 0 0.2 0.5 0
134 0 0.2 0.5 0
135 0 0.2 0.5 0
136 0 0.2 0.4 0
137 0 0.2 0.4 0
138 0 0.2 0.4 0
139 0 0.2 0.5 0
140 0 0.2 0.5 0
141 0 0.2 0.5 0
142 0 0.2 0.5 0
143 0 0.2 0.5 0
144 0 0.2 0.5 0
145 0 0.2 0.5 0
146 0 0.2 0.5 0
147 0 0.2 0.5 0
148 0 0.2 0.5 0
149 0 0.2 0.5 0
150 0 0.2 0.5 0
151 0 0.2 0.5 0
152 0 0.2 0.5 0
153 0 0.2 0.5 0
154 0 0.2 0.5 0
155 0 0.2 0.5 0
156 0 0.2 0.5 0
157 0 0.2 0.5 0
158 0 0.2 0.5 0
159 0 0.2 0.5 0
160 0 0.2 0.5 0
161 0 0.2 0.5 0
162 0 0.2 0.5 0
163 0 0.2 0.5 0
164 0 0.2 0.5 0
165 0 0.2 0.5 0
166 0 0.2 0.5 0
167 0 0.2 0.5 0
168 0 0.2 0.5 0
169 0 0.2 0.5 0
170 0 0.2 0.5 0
171 0 0.2 0.5 0
172 0 0.2 0.5 0
173 0 0.2 0.5 0
174 0 0.2 0.5 0
175 0 0.2 0.5 0
176 0 0.2 0.5 0
177 0 0.2 0.5 0
178 0 0.2 0.5 0
179 0 0.2 0.5 0
180 0 0.2 0.5 0
181 0 0.2 0.5 0
182 0 0.2 0.5 0
183 0 0.2 0.5 0
184 0 0.2 0.5 0
185 0 0.2 0.4 0
186 0 0.2 0.4 0
187 0 0.2 0.4 0
188 0 0.2 0.4 0
189 0 0.2 0.4 0
190 0 0.2 0.4 0
191 0 0.2 0.4 0
192 0 0.2 0.4 0
193 0 0.2 0.4 0
194 0 0.2 0.4 0
195 0 0.2 0.4 0
196 0 0.2 0.4 0
197 0 0.2 0.4 0
198 0 0.2 0.4 0
199 0 0.2 0.4 0
200 0 0.2 0.4 0
201 0 0.2 0.4 0
202 0 0.2 0.4 0
203 0 0.2 0.4 0
204 0 0.2 0.4 0
205 0 0.2 0.5 0
206 0 0.2 0.5 0
207 0 0.2 0.5 0
208 0 0.2 0.5 0
209 0 0.2 0.5 0
210 0 0.2 0.5 0
211 0 0.2 0.5 0
212 0 0.2 0.5 0
213 0 0.2 0.5 0
214 0 0.2 0.5 0
215 0 0.2 0.5 0
216 0 0.2 0.5 0
217 0 0.2 0.5 0
218 0 0.2 0.5 0
219 0 0.2 0.5 0
220 0 0.2 0.5 0
221 0 0.2 0.5 0
222 0 0.2 0.5 0
223 0 0.2 0.5 0
224 0 0.2 0.5 0
225 0 0.2 0.5 0
226 0 0.2 0.5 0
227 0 0.2 0.5 0
228 0 0.2 0.5 0
229 0 0.2 0.5 0
230 0 0.2 0.5 0
231 0 0.2 0.5 0
232 0 0.2 0.5 0
233 0 0.2 0.5 0
234 0 0.2 0.5 0
235 0 0.2 0.5 0
236 0 0.2 0.5 0
237 0 0.2 0.5 0
238 0 0.2 0.5 0
239 0 0.2 0.5 0
240 0 0.2 0.5 0
241 0 0.2 0.5 0
242 0 0.2 0.5 0
243 0 0.2 0.5 0
244 0 0.2 0.5 0
245 0 0.2 0.5 0
246 0 0.2 0.5 0
247 0 0.2 0.5 0
248 0 0.2 0.5 0
249 0 0.2 0.5 0
250 0 0.2 0.5 0
251 0 0.2 0.5 0
252 0 0.2 0.5 0
253 0 0.2 0.5 0
254 0 0.2 0.5 0
255 0 0.2 0.5 0
256 0 0.2 0.5 0
257 0 0.2 0.5 0
258 0 0.1 0.5 0
259 0 0.2 0.5 0
260 0 0.1 0.5 0
261 0 0.2 0.5 0
262 0 0.1 0.5 0
263 0 0.1 0.5 0
264 0 0.1 0.5 0
265 0 0.1 0.5 0
266 0 0.1 0.5 0
267 0 0.1 0.5 0
268 0 0.1 0.5 0
269 0 0.1 0.5 0
270 0 0.1 0.5 0
271 0 0.1 0.5 0
272 0 0.1 0.5 0
273 0 0.1 0.5 0
274 0 0.1 0.5 0
275 0 0.1 0.5 0
276 0 0.1 0.5 0
277 0 0.1 0.5 0
278 0 0.1 0.5 0
279 0 0.1 0.5 0
280 0 0.1 0.5 0
281 0 0.1 0.5 0
282 0 0.1 0.5 0
283 0 0.1 0.5 0
284 0 0.1 0.5 0
285 0 0.1 0.5 0
286 0 0.1 0.5 0
287 0 0.1 0.5 0
288 0 0.1 0.5 0
289 0 0.1 0.4 0
290 0 0.1 0.4 0
291 0 0.1 0.4 0
292 0 0.1 0.4 0
293 0 0.1 0.4 0
294 0 0.1 0.4 0
295 0 0.1 0.4 0
296 0 0.1 0.4 0
297 0 0.1 0.4 0
298 0 0.1 0.4 0
299 0 0.1 0.4 0
300 0 0.1 0.4 0
301 0 0.1 0.4 0
302 0 0.1 0.4 0
303 0 0.1 0.3 0
304 0 0.1 0.3 0
305 0 0.1 0.3 0
306 0 0.1 0.3 0
307 0 0.1 0.3 0
308 0 0.1 0.3 0
309 0 0.1 0.3 0
310 0 0.1 0.4 0
311 0 0.1 0.4 0
312 0 0.1 0.4 0
313 0 0.1 0.4 0
314 0 0.1 0.4 0
315 0 0.1 0.4 0
316 0 0.1 0.4 0
317 0 0.1 0.3 0
318 0 0.1 0.3 0
319 0 0.1 0.3 0
320 0 0.1 0.3 0
321 0 0.1 0.3 0
322 0 0.1 0.3 0
323 0 0.1 0.4 0
324 0 0.1 0.4 0
325 0 0.1 0.4 0
326 0 0.1 0.4 0
327 0 0.1 0.4 0
328 0 0.1 0.4 0
329 0 0.1 0.4 0
330 0 0.1 0.4 0
331 0 0.1 0.4 0
332 0 0.1 0.4 0
333 0 0.1 0.4 0
334 0 0.1 0.4 0
335 0 0.1 0.4 0
336 0 0.1 0.4 0
337 0 0.1 0.4 0
338 0 0.1 0.4 0
339 0 0.1 0.4 0
340 0 0.1 0.4 0
341 0 0.1 0.4 0
342 0 0.1 0.4 0
343 0 0.1 0.4 0
344 0 0.1 0.4 0
345 0 0.1 0.4 0
346 0 0.1 0.4 0
347 0 0.1 0.4 0
348 0 0.1 0.4 0
349 0 0.1 0.4 0
350 0 0.1 0.4 0
351 0 0.1 0.4 0
352 0 0.1 0.4 0
353 0 0.1 0.4 0
354 0 0.1 0.4 0
355 0 0.1 0.4 0
356 0 0.1 0.4 0
357 0 0.1 0.4 0
358 0 0.1 0.4 0
359 0 0.1 0.4 0
360 0 0.1 0.4 0
361 0 0.1 0.4 0
362 0 0.1 0.4 0
363 0 0.1 0.4 0
364 0 0.1 0.4 0
365 0 0.1 0.4 0
366 0 0.1 0.4 0
367 0 0.1 0.4 0
368 0 0.1 0.4 0
369 0 0.1 0.4 0
370 0 0.1 0.4 0
371 0 0.1 0.4 0
372 0 0.1 0.4 0
373 0 0.1 0.4 0
374 0 0.1 0.4 0
375 0 0.1 0.4 0
376 0 0.1 0.4 0
377 0 0.1 0.4 0
378 0 0.1 0.4 0
379 0 0.1 0.4 0
380 0 0.1 0.4 0
381 0 0.1 0.4 0
382 0 0.1 0.4 0
383 0 0.1 0.4 0
384 0 0.1 0.4 0
385 0 0.1 0.4 0
386 0 0.1 0.4 0
387 0 0.1 0.4 0
388 0 0.1 0.4 0
389 0 0.1 0.4 0
390 0 0.1 0.4 0
391 0 0.1 0.4 0
392 0 0.1 0.4 0
393 0 0.1 0.4 0
394 0 0.1 0.4 0
395 0 0.1 0.3 0
396 0 0.1 0.3 0
397 0 0.1 0.3 0
398 0 0.1 0.3 0
399 0 0.1 0.3 0
400 0 0.1 0.3 0
401 0 0.1 0.3 0
402 0 0.1 0.3 0
403 0 0.1 0.4 0
404 0 0.1 0.4 0
405 0 0.1 0.4 0
406 0 0.1 0.4 0
407 0 0.1 0.4 0
408 0 0.1 0.4 0
409 0 0.1 0.4 0
410 0 0.1 0.4 0
411 0 0.1 0.4 0
412 0 0.1 0.4 0
413 0 0.1 0.4 0
414 0 0.1 0.4 0
415 0 0.1 0.5 0
416 0 0.1 0.5 0
417 0 0.1 0.5 0
418 0 0.1 0.5 0
419 0 0.1 0.5 0
420 0 0.1 0.4 0
421 0 0.1 0.4 0
422 0 0.1 0.4 0
423 0 0.1 0.4 0
424 0 0.1 0.4 0
425 0 0.1 0.4 0
426 0 0.1 0.4 0
427 0 0.1 0.4 0
428 0 0.1 0.4 0
429 0 0.1 0.4 0
430 0 0.1 0.4 0
431 0 0.1 0.4 0
432 0 0.1 0.4 0
433 0 0.1 0.5 0
434 0 0.1 0.5 0
435 0 0.1 0.5 0
436 0 0.1 0.5 0
437 0 0.1 0.5 0
438 0 0.1 0.5 0
439 0 0.1 0.5 0
440 0 0.1 0.5 0
441 0 0.1 0.5 0
442 0 0.1 0.5 0
443 0 0.1 0.4 0
444 0 0.1 0.4 0
445 0 0.1 0.4 0
446 0 0.1 0.4 0
447 0 0.1 0.4 0
448 0 0.1 0.4 0
449 0 0.1 0.4 0
450 0 0.1 0.4 0
451 0 0.1 0.4 0
452 0 0.1 0.4 0
453 0 0.1 0.4 0
454 0 0.1 0.4 0
455 0 0.1 0.4 0
456 0 0.1 0.4 0
457 0 0.1 0.4 0
458 0 0.1 0.4 0
459 0 0.1 0.4 0
460 0 0.1 0.4 0
461 0 0.1 0.4 0
462 0 0.1 0.4 0
463 0 0.1 0.4 0
464 0 0.1 0.4 0
465 0 0.1 0.4 0
466 0 0.1 0.4 0
467 0 0.1 0.5 0
468 0 0.1 0.5 0
469 0 0.1 0.5 0
470 0 0.1 0.5 0
471 0 0.1 0.6 0
472 0 0.1 0.6 0
473 0 0.1 0.6 0
474 0 0.1 0.6 0
475 0 0.1 0.6 0
476 0 0.1 0.6 0
477 0 0.1 0.6 0
478 0 0.1 0.6 0
479 0 0.1 0.6 0
480 0 0.1 0.6 0
481 0 0.1 0.6 0
482 0 0.1 0.6 0
483 0 0.1 0.6 0
484 0 0.1 0.6 0
485 0 0.1 0.6 0
486 0 0.1 0.6 0
487 0 0.1 0.6 0
488 0 0.1 0.5 0
489 0 0.1 0.5 0
490 0 0.1 0.5 0
491 0 0.1 0.5 0
492 0 0.1 0.5 0
493 0 0.1 0.5 0
494 0 0.1 0.5 0
495 0 0.1 0.5 0
496 0 0.1 0.5 0
497 0 0.1 0.5 0
498 0 0.1 0.5 0
499 0 0.1 0.5 0
500 0 0.1 0.5 0
501 0 0.1 0.5 0
502 0 0.1 0.5 0
503 0 0.1 0.5 0
504 0 0.1 0.5 0
505 0 0.1 0.5 0
506 0 0.1 0.5 0
507 0 0.1 0.5 0
508 0 0.1 0.4 0
509 0 0.1 0.4 0
510 0 0.1 0.5 0
511 0 0.1 0.5 0
512 0 0.1 0.5 0
513 0 0.1 0.5 0
514 0 0.1 0.5 0
515 0 0.1 0.5 0
516 0 0.1 0.5 0
517 0 0.1 0.5 0
518 0 0.1 0.5 0
519 0 0.1 0.5 0
520 0 0.1 0.5 0
521 0 0.1 0.5 0
522 0 0.1 0.5 0
523 0 0.1 0.5 0
524 0 0.1 0.5 0
525 0 0.1 0.5 0
526 0 0.1 0.5 0
527 0 0.1 0.5 0
528 0 0.1 0.4 0
529 0 0.1 0.4 0
530 0 0.1 0.4 0
531 0 0.1 0.4 0
532 0 0.1 0.4 0
533 0 0.1 0.4 0
534 0 0.1 0.4 0
535 0 0.1 0.4 0
536 0 0.1 0.4 0
537 0 0.1 0.4 0
538 0 0.1 0.4 0
539 0 0.1 0.4 0
540 0 0.1 0.4 0
541 0 0.1 0.4 0
542 0 0.1 0.4 0
543 0 0.1 0.4 0
544 0 0.1 0.4 0
545 0 0.1 0.4 0
546 0 0.1 0.4 0
547 0 0.1 0.4 0
548 0 0.1 0.4 0
549 0 0.1 0.4 0
550 0 0.1 0.4 0
551 0 0.1 0.4 0
552 0 0.1 0.4 0
553 0 0.1 0.4 0
554 0 0.1 0.4 0
555 0 0.1 0.4 0
556 0 0.1 0.4 0
557 0 0.1 0.4 0
558 0 0.1 0.4 0
559 0 0.1 0.4 0
560 0 0.1 0.4 0
561 0 0.1 0.4 0
562 0 0.1 0.4 0
563 0 0.1 0.4 0
564 0 0.1 0.4 0
565 0 0.1 0.4 0
566 0 0.1 0.4 0
567 0 0.1 0.4 0
568 0 0.1 0.4 0
569 0 0.1 0.4 0
570 0 0.1 0.4 0
571 0 0.1 0.4 0
572 0 0.1 0.4 0
573 0 0.1 0.4 0
574 0 0.1 0.4 0
575 0 0.1 0.4 0
576 0 0.1 0.4 0
577 0 0.1 0.4 0
578 0 0.1 0.4 0
579 0 0.1 0.4 0
580 0 0.1 0.4 0
581 0 0.1 0.4 0
582 0 0.1 0.4 0
583 0 0.1 0.4 0
584 0 0.1 0.4 0
585 0 0.1 0.4 0
586 0 0.1 0.4 0
587 0 0.1 0.4 0
588 0 0.1 0.4 0
589 0 0.1 0.4 0
590 0 0.1 0.4 0
591 0 0.1 0.4 0
592 0 0.1 0.4 0
593 0 0.1 0.4 0
594 0 0.1 0.4 0
595 0 0.1 0.4 0
596 0 0.1 0.4 0
597 0 0.1 0.4 0
598 0 0.1 0.4 0
599 0 0.1 0.4 0
600 0 0.1 0.4 0
601 0 0.1 0.4 0
602 0 0.1 0.4 0
603 0 0.1 0.4 0
604 0 0.1 0.4 0
605 0 0.1 0.4 0
606 0 0.1 0.4 0
607 0 0.1 0.4 0
608 0 0.1 0.4 0
609 0 0.1 0.4 0
610 0 0.1 0.4 0
611 0 0.1 0.4 0
612 0 0.1 0.4 0
613 0 0.1 0.4 0
614 0 0.1 0.4 0
615 0 0.1 0.4 0
616 0 0.1 0.4 0
617 0 0.1 0.4 0
618 0 0.1 0.4 0
619 0 0.1 0.4 0
620 0 0.1 0.4 0
621 0 0.1 0.4 0
622 0 0.1 0.4 0
623 0 0.1 0.4 0
624 0 0.1 0.4 0
625 0 0.1 0.4 0
626 0 0.1 0.4 0
627 0 0.1 0.4 0
628 0 0.1 0.4 0
629 0 0.1 0.4 0
630 0 0.1 0.4 0
631 0 0.1 0.4 0
632 0 0.1 0.4 0
633 0 0.1 0.4 0
634 0 0.1 0.4 0
635 0 0.1 0.3 0
636 0 0.1 0.3 0
637 0 0.1 0.3 0
638 0 0.1 0.3 0
639 0 0.1 0.4 0
640 0 0.1 0.4 0
641 0 0.1 0.4 0
642 0 0.1 0.4 0
643 0 0.1 0.4 0
644 0 0.1 0.5 0
645 0 0.1 0.5 0
646 0 0.1 0.5 0
647 0 0.1 0.5 0
648 0 0.1 0.5 0
649 0 0.1 0.5 0
650 0 0.1 0.4 0
651 0 0.1 0.4 0
652 0 0.1 0.4 0
653 0 0.1 0.3 0
654 0 0.1 0.3 0
655 0 0.1 0.3 0
656 0 0.1 0.3 0
657 0 0.1 0.3 0
658 0 0.1 0.3 0
659 0 0.1 0.3 0
660 0 0.1 0.3 0
661 0 0.1 0.3 0
662 0 0.1 0.3 0
663 0 0.1 0.3 0
664 0 0.1 0.3 0
665 0 0.1 0.3 0
666 0 0.1 0.3 0
667 0 0.1 0.3 0
668 0 0.1 0.3 0
669 0 0.1 0.3 0
670 0 0.1 0.3 0
671 0 0.1 0.3 0
672 0 0.1 0.3 0
673 0 0.1 0.2 0
674 0 0.1 0.2 0
675 0 0.1 0.2 0
676 0 0.1 0.2 0
677 0 0.1 0.2 0
678 0 0.1 0.2 0
679 0 0.1 0.2 0
680 0 0.1 0.2 0
681 0 0.1 0.2 0
682 0 0.1 0.2 0
683 0 0.1 0.2 0
684 0 0.1 0.2 0
685 0 0.1 0.2 0
686 0 0.1 0.2 0
687 0 0.1 0.2 0
688 0 0.1 0.2 0
689 0 0.1 0.2 0
690 0 0.1 0.2 0
691 0 0.1 0.2 0
692 0 0.1 0.2 0
693 0 0.1 0.2 0
694 0 0.1 0.2 0
695 0 0.1 0.3 0
696 0 0.1 0.3 0
697 0 0.1 0.3 0
698 0 0.1 0.4 0
699 0 0.1 0.4 0
700 0 0.1 0.4 0
701 0 0.1 0.4 0
702 0 0.1 0.4 0
703 0 0.1 0.4 0
704 0 0.1 0.4 0
705 0 0.1 0.4 0
706 0 0.1 0.4 0
707 0 0.1 0.4 0
708 0 0.1 0.4 0
709 0 0.1 0.4 0
710 0 0.1 0.5 0
711 0 0.1 0.5 0
712 0 0.1 0.5 0
713 0 0.1 0.5 0
714 0 0.1 0.5 0
715 0 0.1 0.5 0
716 0 0.1 0.5 0
717 0 0.1 0.5 0
718 0 0.1 0.5 0
719 0 0.1 0.5 0
720 0 0.1 0.4 0
721 0 0.1 0.4 0
722 0 0.1 0.4 0
723 0 0.1 0.4 0
724 0 0.1 0.4 0
725 0 0.1 0.3 0
726 0 0.1 0.3 0
727 0 0.1 0.3 0
728 0 0.1 0.3 0
729 0 0.1 0.3 0
730 0 0.1 0.3 0
731 0 0.1 0.3 0
732 0 0.1 0.3 0
733 0 0.1 0.3 0
734 0 0.1 0.3 0
735 0 0.1 0.3 0
736 0 0.1 0.3 0
737 0 0.1 0.4 0
738 0 0.1 0.4 0
739 0 0.1 0.3 0
740 0 0.1 0.4 0
741 0 0.1 0.4 0
742 0 0.1 0.4 0
743 0 0.1 0.3 0
744 0 0.1 0.3 0
745 0 0.1 0.3 0
746 0 0.1 0.4 0
747 0 0.1 0.4 0
748 0 0.1 0.4 0
749 0 0.1 0.4 0
750 0 0.1 0.4 0
751 0 0.1 0.4 0
752 0 0.1 0.4 0
753 0 0.1 0.4 0
754 0 0.1 0.4 0
755 0 0.1 0.4 0
756 0 0.1 0.4 0
757 0 0.1 0.4 0
758 0 0.1 0.4 0
759 0 0.1 0.4 0
760 0 0.1 0.4 0
761 0 0.1 0.4 0
762 0 0.1 0.4 0
763 0 0.1 0.4 0
764 0 0.1 0.4 0
765 0 0.1 0.4 0
766 0 0.1 0.3 0
767 0 0.1 0.3 0
768 0 0.1 0.3 0
769 0 0.1 0.3 0
770 0 0.1 0.3 0
771 0 0.1 0.3 0
772 0 0.1 0.3 0
773 0 0.1 0.4 0
774 0 0.1 0.4 0
775 0 0.1 0.4 0
776 0 0.1 0.4 0
777 0 0.1 0.4 0
778 0 0.1 0.4 0
779 0 0.1 0.4 0
780 0 0.1 0.4 0
781 0 0.1 0.4 0
782 0 0.1 0.4 0
783 0 0.1 0.4 0
784 0 0.1 0.5 0
785 0 0.1 0.5 0
786 0 0.1 0.5 0
787 0 0.1 0.5 0
788 0 0.1 0.5 0
789 0 0.1 0.5 0
790 0 0.1 0.5 0
791 0 0.1 0.5 0
792 0 0.1 0.5 0
793 0 0.1 0.5 0
794 0 0.1 0.5 0
795 0 0.1 0.4 0
796 0 0.1 0.4 0
797 0 0.1 0.4 0
798 0 0.1 0.4 0
799 0 0.1 0.4 0
800 0 0.1 0.4 0
801 0 0.1 0.4 0
802 0 0.1 0.5 0
803 0 0.1 0.5 0
804 0 0.1 0.5 0
805 0 0.1 0.5 0
806 0 0.1 0.5 0
807 0 0.1 0.5 0
808 0 0.1 0.5 0
809 0 0.1 0.5 0
810 0 0.1 0.4 0
811 0 0.1 0.4 0
812 0 0.1 0.4 0
813 0 0.1 0.4 0
814 0 0.1 0.4 0
815 0 0.1 0.4 0
816 0 0.1 0.4 0
817 0 0.1 0.4 0
818 0 0.1 0.4 0
819 0 0.1 0.4 0
820 0 0.1 0.4 0
821 0 0.1 0.4 0
822 0 0.1 0.4 0
823 0 0.1 0.4 0
824 0 0.1 0.4 0
825 0 0.1 0.4 0
826 0 0.1 0.4 0
827 0 0.1 0.4 0
828 0 0.1 0.4 0
829 0 0.1 0.4 0
830 0 0.1 0.4 0
831 0 0.1 0.4 0
832 0 0.1 0.4 0
833 0 0.1 0.4 0
834 0 0.1 0.5 0
835 0 0.1 0.5 0
836 0 0.1 0.5 0
837 0 0.1 0.5 0
838 0 0.1 0.5 0
839 0 0.1 0.5 0
840 0 0.1 0.5 0
841 0 0.1 0.5 0
842 0 0.1 0.5 0
843 0 0.1 0.5 0
844 0 0.1 0.4 0
845 0 0.1 0.4 0
846 0 0.1 0.4 0
847 0 0.1 0.4 0
848 0 0.1 0.4 0
849 0 0.1 0.4 0
850 0 0.1 0.4 0
851 0 0.1 0.4 0
852 0 0.1 0.4 0
853 0 0.1 0.3 0
854 0 0.1 0.3 0
855 0 0.1 0.3 0
856 0 0.1 0.3 0
857 0 0.1 0.3 0
858 0 0.1 0.3 0
859 0 0.1 0.3 0
860 0 0.1 0.3 0
861 0 0.1 0.3 0
862 0 0.1 0.3 0
863 0 0.1 0.4 0
864 0 0.1 0.4 0
865 0 0.1 0.4 0
866 0 0.1 0.4 0
867 0 0.1 0.4 0
868 0 0.1 0.4 0
869 0 0.1 0.4 0
870 0 0.1 0.4 0
871 0 0.1 0.4 0
872 0 0.1 0.4 0
873 0 0.1 0.4 0
874 0 0.1 0.4 0
875 0 0.1 0.4 0
876 0 0.1 0.4 0
877 0 0.1 0.3 0
878 0 0.1 0.3 0
879 0 0.1 0.4 0
880 0 0.1 0.4 0
881 0 0.1 0.4 0
882 0 0.1 0.4 0
883 0 0.1 0.4 0
884 0 0.1 0.4 0
885 0 0.1 0.5 0
886 0 0.1 0.5 0
887 0 0.1 0.5 0
888 0 0.1 0.5 0
889 0 0.1 0.5 0
890 0 0.1 0.5 0
891 0 0.1 0.5 0
892 0 0.1 0.5 0
893 0 0.1 0.5 0
894 0 0.1 0.5 0
895 0 0.1 0.5 0
896 0 0.1 0.5 0
897 0 0.1 0.5 0
898 0 0.1 0.5 0
899 0 0.1 0.5 0
900 0 0.1 0.5 0
901 0 0.1 0.5 0
902 0 0.1 0.5 0
903 0 0.1 0.5 0
904 0 0.1 0.4 0
905 0 0.1 0.4 0
906 0 0.1 0.4 0
907 0 0.1 0.4 0
908 0 0.1 0.4 0
909 0 0.1 0.4 0
910 0 0.1 0.4 0
911 0 0.1 0.4 0
912 0 0.1 0.4 0
913 0 0.1 0.4 0
914 0 0.1 0.4 0
915 0 0.1 0.4 0
916 0 0.1 0.4 0
917 0 0.1 0.4 0
918 0 0.1 0.4 0
919 0 0.1 0.4 0
920 0 0.1 0.4 0
921 0 0.1 0.4 0
922 0 0.1 0.3 0
923 0 0.1 0.3 0
924 0 0.1 0.3 0
925 0 0.1 0.3 0
926 0 0.1 0.3 0
927 0 0.1 0.3 0
928 0 0.1 0.3 0
929 0 0.1 0.3 0
930 0 0.1 0.3 0
931 0 0.1 0.3 0
932 0 0.1 0.3 0
933 0 0.1 0.3 0
934 0 0.1 0.3 0
935 0 0.1 0.3 0
936 0 0.1 0.3 0
937 0 0.1 0.3 0
938 0 0.1 0.3 0
939 0 0.1 0.3 0
940 0 0.1 0.3 0
941 0 0.1 0.3 0
942 0 0.1 0.3 0
943 0 0.1 0.3 0
944 0 0.1 0.3 0
945 0 0.1 0.3 0
946 0 0.1 0.3 0
947 0 0.1 0.3 0
948 0 0.1 0.3 0
949 0 0.1 0.3 0
950 0 0.1 0.3 0
951 0 0.1 0.3 0
952 0 0.1 0.3 0
953 0 0.1 0.3 0
954 0 0.1 0.3 0
955 0 0.1 0.3 0
956 0 0.1 0.3 0
957 0 0.1 0.3 0
958 0 0.1 0.3 0
959 0 0.1 0.3 0
960 0 0.1 0.3 0
961 0 0.1 0.3 0
962 0 0.1 0.3 0
963 0 0.1 0.3 0
964 0 0.1 0.3 0
965 0 0.1 0.3 0
966 0 0.1 0.3 0
967 0 0.1 0.3 0
968 0 0.1 0.3 0
969 0 0.1 0.3 0
970 0 0.1 0.3 0
971 0 0.1 0.3 0
972 0 0.1 0.3 0
973 0 0.1 0.3 0
974 0 0.1 0.3 0
975 0 0.1 0.3 0
976 0 0.1 0.3 0
977 0 0.1 0.3 0
978 0 0.1 0.3 0
979 0 0.1 0.3 0
980 0 0.1 0.3 0
981 0 0.1 0.3 0
982 0 0.1 0.3 0
983 0 0.1 0.3 0
984 0 0.1 0.3 0
985 0 0.1 0.3 0
986 0 0.1 0.3 0
987 0 0.1 0.3 0
988 0 0.1 0.3 0
989 0 0.1 0.3 0
990 0 0.1 0.3 0
991 0 0.1 0.3 0
992 0 0.1 0.3 0
993 0 0.1 0.3 0
994 0 0.1 0.3 0
995 0 0.1 0.3 0
996 0 0.1 0.3 0
997 0 0.1 0.3 0
998 0 0.1 0.3 0
999 0 0.1 0.3 0
1000 0 0.1 0.3 0

RUN 2
probablistic_multi teamdraft_multi probabilistic_inter sample_probablistic_multi
1 0.5 0.8 1.0 0.3
2 0.5 0.5 1.0 0.1
3 0.3 0.4 1.0 0.1
4 0.3 0.4 0.9 0.1
5 0.3 0.6 0.9 0.1
6 0.3 0.6 0.9 0.1
7 0.1 0.8 0.9 0.2
8 0.3 0.6 0.9 0.1
9 0.1 0.8 0.8 0.2
10 0 0.4 0.7 0.2
11 0 0.4 0.7 0.1
12 0 0.4 0.7 0.1
13 0 0.6 0.6 0.1
14 0 0.5 0.6 0.1
15 0 0.5 0.6 0.1
16 0 0.5 0.6 0.1
17 0 0.4 0.6 0.1
18 0 0.4 0.6 0
19 0 0.3 0.5 0.1
20 0 0.3 0.6 0.1
21 0 0.3 0.6 0.1
22 0 0.4 0.6 0.1
23 0.1 0.4 0.6 0.1
24 0 0.3 0.6 0.1
25 0.1 0.3 0.6 0.1
26 0.1 0.3 0.6 0.1
27 0.1 0.3 0.7 0.1
28 0.1 0.3 0.7 0.1
29 0.1 0.3 0.7 0
30 0.1 0.3 0.7 0.1
31 0.1 0.3 0.7 0.1
32 0 0.3 0.8 0.1
33 0.1 0.3 0.8 0
34 0 0.3 0.8 0
35 0 0.2 0.8 0
36 0 0.2 0.8 0
37 0 0.2 0.8 0
38 0 0.2 0.8 0
39 0 0.2 0.8 0.1
40 0 0.2 0.7 0
41 0 0.1 0.7 0
42 0 0.1 0.7 0
43 0 0.1 0.7 0
44 0 0.1 0.6 0
45 0 0.1 0.6 0
46 0 0.1 0.6 0
47 0 0.1 0.6 0
48 0 0.2 0.6 0
49 0 0.2 0.6 0
50 0 0.3 0.6 0
51 0 0.2 0.6 0
52 0 0.2 0.6 0.1
53 0 0.2 0.6 0.1
54 0 0.2 0.6 0.1
55 0 0.3 0.6 0
56 0 0.2 0.6 0
57 0 0.3 0.7 0
58 0 0.3 0.7 0
59 0 0.3 0.7 0.1
60 0 0.3 0.7 0.1
61 0 0.3 0.7 0.1
62 0 0.3 0.7 0.1
63 0 0.3 0.7 0.1
64 0 0.3 0.7 0.1
65 0 0.3 0.7 0.1
66 0 0.3 0.7 0.1
67 0 0.3 0.7 0
68 0 0.3 0.7 0
69 0 0.3 0.7 0
70 0 0.3 0.7 0
71 0 0.3 0.7 0
72 0 0.3 0.7 0
73 0 0.3 0.7 0
74 0 0.3 0.7 0
75 0 0.3 0.7 0.1
76 0 0.3 0.7 0.1
77 0.1 0.3 0.7 0.1
78 0 0.3 0.7 0.1
79 0.1 0.3 0.7 0
80 0.1 0.3 0.7 0.1
81 0.1 0.3 0.7 0.1
82 0.1 0.3 0.7 0.1
83 0.1 0.3 0.7 0
84 0.1 0.3 0.7 0.1
85 0.1 0.3 0.7 0.1
86 0.1 0.3 0.7 0.1
87 0 0.3 0.7 0.1
88 0 0.3 0.7 0.1
89 0 0.3 0.7 0
90 0.1 0.3 0.7 0
91 0 0.3 0.7 0
92 0.1 0.3 0.7 0
93 0 0.3 0.7 0
94 0 0.3 0.7 0
95 0 0.3 0.7 0
96 0 0.3 0.7 0
97 0 0.3 0.7 0
98 0 0.3 0.7 0
99 0 0.3 0.7 0
100 0 0.3 0.7 0
101 0 0.3 0.7 0
102 0 0.3 0.7 0
103 0 0.3 0.7 0
104 0 0.3 0.7 0
105 0 0.3 0.7 0
106 0 0.3 0.7 0
107 0 0.3 0.7 0
108 0 0.3 0.7 0
109 0 0.3 0.7 0
110 0 0.3 0.7 0
111 0 0.3 0.7 0
112 0 0.3 0.7 0
113 0 0.3 0.7 0
114 0 0.3 0.7 0
115 0 0.3 0.7 0
116 0 0.3 0.7 0
117 0 0.3 0.7 0
118 0 0.3 0.7 0
119 0 0.3 0.7 0
120 0 0.3 0.7 0
121 0 0.3 0.7 0
122 0 0.3 0.7 0
123 0 0.3 0.7 0
124 0 0.3 0.7 0
125 0 0.3 0.7 0
126 0 0.3 0.7 0
127 0 0.3 0.7 0
128 0 0.3 0.7 0
129 0 0.3 0.7 0
130 0 0.3 0.7 0
131 0 0.3 0.7 0
132 0 0.3 0.6 0
133 0 0.3 0.6 0
134 0 0.3 0.6 0
135 0 0.3 0.6 0
136 0 0.3 0.6 0
137 0 0.2 0.6 0
138 0 0.2 0.6 0
139 0 0.2 0.6 0
140 0 0.2 0.6 0
141 0 0.2 0.5 0
142 0 0.2 0.5 0
143 0 0.2 0.5 0
144 0 0.2 0.5 0
145 0 0.2 0.5 0
146 0 0.2 0.5 0
147 0 0.2 0.5 0
148 0 0.2 0.5 0
149 0 0.2 0.5 0
150 0 0.2 0.5 0
151 0 0.2 0.5 0
152 0 0.2 0.5 0
153 0 0.2 0.6 0
154 0 0.2 0.6 0
155 0 0.2 0.6 0
156 0 0.2 0.6 0
157 0 0.2 0.6 0
158 0 0.3 0.6 0
159 0 0.3 0.6 0
160 0 0.2 0.6 0
161 0 0.2 0.6 0
162 0 0.3 0.6 0
163 0 0.3 0.6 0
164 0 0.3 0.6 0
165 0 0.3 0.6 0
166 0 0.3 0.6 0
167 0 0.3 0.6 0
168 0 0.3 0.6 0
169 0 0.2 0.6 0
170 0 0.2 0.6 0
171 0 0.3 0.6 0
172 0 0.3 0.6 0
173 0 0.3 0.6 0
174 0 0.3 0.6 0
175 0 0.3 0.6 0
176 0 0.3 0.6 0
177 0 0.3 0.6 0
178 0 0.2 0.5 0
179 0 0.2 0.5 0
180 0 0.2 0.5 0
181 0 0.2 0.5 0
182 0 0.2 0.5 0
183 0 0.3 0.5 0
184 0 0.2 0.5 0
185 0 0.2 0.5 0
186 0 0.2 0.5 0
187 0 0.2 0.5 0
188 0 0.2 0.5 0
189 0 0.2 0.5 0
190 0 0.2 0.5 0
191 0 0.3 0.5 0
192 0 0.3 0.5 0
193 0 0.3 0.5 0
194 0 0.3 0.5 0
195 0 0.3 0.5 0
196 0 0.2 0.5 0
197 0 0.2 0.5 0
198 0 0.2 0.5 0
199 0 0.2 0.5 0
200 0 0.2 0.5 0
201 0 0.2 0.5 0
202 0 0.2 0.5 0
203 0 0.2 0.5 0
204 0 0.2 0.5 0
205 0 0.2 0.5 0
206 0 0.2 0.5 0
207 0 0.2 0.5 0
208 0 0.2 0.5 0
209 0 0.2 0.5 0
210 0 0.2 0.5 0
211 0 0.2 0.5 0
212 0 0.2 0.5 0
213 0 0.2 0.5 0
214 0 0.2 0.5 0
215 0 0.2 0.5 0
216 0 0.2 0.5 0
217 0 0.2 0.4 0
218 0 0.2 0.4 0
219 0 0.2 0.4 0
220 0 0.2 0.4 0
221 0 0.3 0.4 0
222 0 0.2 0.4 0
223 0 0.2 0.4 0
224 0 0.2 0.4 0
225 0 0.2 0.4 0
226 0 0.3 0.4 0
227 0 0.3 0.4 0
228 0 0.3 0.4 0
229 0 0.3 0.4 0
230 0 0.3 0.4 0
231 0 0.3 0.4 0
232 0 0.3 0.4 0
233 0 0.3 0.4 0
234 0 0.3 0.4 0
235 0 0.3 0.4 0
236 0 0.3 0.4 0
237 0 0.3 0.4 0
238 0 0.3 0.4 0
239 0 0.3 0.5 0
240 0 0.2 0.5 0
241 0 0.2 0.5 0
242 0 0.2 0.5 0
243 0 0.2 0.5 0
244 0 0.2 0.5 0
245 0 0.2 0.5 0
246 0 0.2 0.5 0
247 0 0.2 0.5 0
248 0 0.2 0.5 0
249 0 0.2 0.5 0
250 0 0.1 0.5 0
251 0 0.1 0.5 0
252 0 0.1 0.5 0
253 0 0.1 0.5 0
254 0.1 0.1 0.5 0
255 0 0.1 0.5 0
256 0.1 0.1 0.5 0
257 0.1 0.1 0.5 0
258 0.1 0.1 0.5 0
259 0.1 0.1 0.5 0
260 0.1 0.1 0.5 0
261 0.1 0.1 0.5 0
262 0.1 0.1 0.5 0
263 0.1 0.1 0.5 0
264 0.1 0.1 0.5 0
265 0.1 0 0.5 0
266 0.1 0 0.5 0
267 0.1 0 0.5 0
268 0.1 0 0.5 0
269 0.1 0 0.5 0
270 0.1 0 0.5 0
271 0.1 0 0.5 0
272 0.1 0 0.5 0
273 0.1 0 0.5 0
274 0.1 0.1 0.5 0
275 0 0 0.5 0
276 0 0.1 0.5 0
277 0 0.1 0.5 0
278 0 0.1 0.5 0
279 0 0.1 0.5 0
280 0 0.1 0.5 0
281 0 0.1 0.5 0
282 0 0.1 0.4 0
283 0 0.1 0.4 0
284 0.1 0.1 0.4 0
285 0 0.1 0.4 0
286 0 0.1 0.4 0
287 0 0.1 0.4 0
288 0 0.1 0.4 0
289 0 0.1 0.4 0
290 0 0.1 0.4 0
291 0 0.2 0.5 0
292 0 0.2 0.5 0
293 0 0.2 0.5 0
294 0 0.2 0.5 0
295 0 0.1 0.5 0
296 0 0.1 0.5 0
297 0 0.1 0.5 0
298 0 0.1 0.5 0
299 0 0.2 0.5 0
300 0 0.2 0.5 0
301 0 0.2 0.5 0
302 0 0.1 0.5 0
303 0 0.1 0.5 0
304 0 0.2 0.5 0
305 0 0.2 0.5 0
306 0 0.2 0.5 0
307 0 0.1 0.5 0
308 0 0.1 0.5 0
309 0 0.1 0.5 0
310 0 0.1 0.5 0
311 0 0.1 0.4 0
312 0 0.1 0.5 0
313 0 0.1 0.5 0
314 0 0.1 0.5 0
315 0 0.1 0.5 0
316 0 0.1 0.5 0
317 0 0.1 0.5 0
318 0 0.1 0.5 0
319 0 0.1 0.5 0
320 0 0.1 0.5 0
321 0 0.1 0.5 0
322 0 0.1 0.5 0
323 0 0.1 0.5 0
324 0 0.1 0.5 0
325 0 0.1 0.5 0
326 0 0.1 0.5 0
327 0 0.1 0.5 0
328 0 0.1 0.5 0
329 0 0.1 0.5 0
330 0 0.1 0.5 0
331 0 0.1 0.5 0
332 0 0.1 0.5 0
333 0 0.1 0.5 0
334 0 0.1 0.5 0
335 0 0.1 0.5 0
336 0.1 0.1 0.5 0
337 0 0.1 0.5 0
338 0 0.1 0.5 0
339 0 0.1 0.5 0
340 0 0.1 0.5 0
341 0 0.1 0.5 0
342 0 0.1 0.5 0
343 0.1 0.1 0.5 0
344 0 0.1 0.5 0
345 0 0.1 0.5 0
346 0 0.1 0.5 0
347 0 0.1 0.5 0
348 0 0.1 0.5 0
349 0 0.1 0.5 0
350 0 0.1 0.5 0
351 0 0.1 0.4 0
352 0 0.1 0.4 0
353 0 0.1 0.4 0
354 0 0.1 0.4 0
355 0 0.1 0.4 0
356 0 0.1 0.4 0
357 0 0.1 0.4 0
358 0 0.1 0.4 0
359 0 0.1 0.4 0
360 0 0.1 0.4 0
361 0 0.1 0.4 0
362 0 0.1 0.3 0
363 0 0.1 0.3 0
364 0 0.1 0.3 0
365 0 0.1 0.3 0
366 0 0.1 0.3 0
367 0 0.1 0.3 0
368 0 0.1 0.3 0
369 0 0.1 0.3 0
370 0 0.1 0.3 0
371 0 0.1 0.3 0
372 0 0.1 0.3 0
373 0 0.1 0.3 0
374 0 0.1 0.3 0
375 0 0.1 0.3 0
376 0 0.1 0.3 0
377 0 0.1 0.3 0
378 0 0.1 0.3 0
379 0 0.1 0.3 0
380 0 0.1 0.3 0
381 0 0.1 0.3 0
382 0 0.1 0.3 0
383 0 0.1 0.3 0
384 0 0.1 0.3 0
385 0 0.1 0.3 0
386 0 0.1 0.3 0
387 0 0.1 0.3 0
388 0 0.1 0.3 0
389 0 0.1 0.3 0
390 0 0.1 0.3 0
391 0 0.1 0.3 0
392 0 0.1 0.3 0
393 0 0.1 0.3 0
394 0 0.1 0.3 0
395 0 0.1 0.3 0
396 0 0.1 0.3 0
397 0 0.1 0.3 0
398 0 0.1 0.3 0
399 0 0.1 0.3 0
400 0 0.1 0.3 0
401 0 0.1 0.3 0
402 0 0.1 0.3 0
403 0 0.1 0.3 0
404 0 0.1 0.3 0
405 0 0.1 0.3 0
406 0 0.1 0.3 0
407 0 0.1 0.3 0
408 0 0.1 0.3 0
409 0 0.1 0.3 0
410 0 0.1 0.3 0
411 0 0.1 0.3 0
412 0 0.1 0.3 0
413 0 0.1 0.3 0
414 0 0.1 0.3 0
415 0 0.1 0.3 0
416 0 0.1 0.3 0
417 0 0.1 0.3 0
418 0 0.1 0.3 0
419 0 0.1 0.3 0
420 0 0.1 0.3 0
421 0 0.1 0.3 0
422 0 0.1 0.3 0
423 0 0.1 0.3 0
424 0 0.1 0.3 0
425 0 0.1 0.3 0
426 0 0.1 0.3 0
427 0 0.1 0.3 0
428 0 0.1 0.3 0
429 0 0.1 0.3 0
430 0 0.1 0.3 0
431 0 0.1 0.3 0
432 0 0.1 0.3 0
433 0 0.1 0.3 0
434 0 0.1 0.2 0
435 0 0.1 0.2 0
436 0 0.1 0.3 0
437 0 0.1 0.3 0
438 0 0.1 0.3 0
439 0 0.1 0.3 0
440 0 0.1 0.3 0
441 0 0.1 0.3 0
442 0 0.1 0.3 0
443 0 0.1 0.2 0
444 0 0.1 0.2 0
445 0 0.1 0.2 0
446 0 0.1 0.2 0
447 0 0.1 0.2 0
448 0 0.1 0.2 0
449 0 0.1 0.2 0
450 0 0.1 0.2 0
451 0 0.1 0.2 0
452 0 0.1 0.2 0
453 0 0.1 0.2 0
454 0 0.1 0.2 0
455 0 0.1 0.2 0
456 0 0.1 0.2 0
457 0 0.1 0.2 0
458 0 0.1 0.2 0
459 0 0.1 0.2 0
460 0 0.1 0.2 0
461 0 0.1 0.2 0
462 0 0.1 0.2 0
463 0 0.1 0.2 0
464 0 0.1 0.2 0
465 0 0.1 0.2 0
466 0 0.1 0.2 0
467 0 0.1 0.2 0
468 0 0.1 0.2 0
469 0 0.1 0.2 0
470 0 0.1 0.2 0
471 0 0.1 0.2 0
472 0 0.1 0.2 0
473 0 0.1 0.2 0
474 0 0.1 0.2 0
475 0 0.1 0.2 0
476 0 0.1 0.2 0
477 0 0.1 0.2 0
478 0 0.1 0.2 0
479 0 0.1 0.2 0
480 0 0.1 0.2 0
481 0 0.1 0.2 0
482 0 0.1 0.2 0
483 0 0.1 0.2 0
484 0 0.1 0.2 0
485 0 0.1 0.2 0
486 0 0.1 0.2 0
487 0 0.1 0.2 0
488 0 0.1 0.2 0
489 0 0.1 0.2 0
490 0 0.1 0.2 0
491 0 0.1 0.2 0
492 0 0.1 0.2 0
493 0 0.1 0.2 0
494 0 0.1 0.2 0
495 0 0.1 0.3 0
496 0 0.1 0.3 0
497 0 0.1 0.3 0
498 0 0.1 0.2 0
499 0 0.1 0.2 0
500 0 0.1 0.2 0
501 0 0.1 0.2 0
502 0 0.1 0.2 0
503 0 0.1 0.2 0
504 0 0.1 0.2 0
505 0 0.1 0.2 0
506 0 0.1 0.2 0
507 0 0.1 0.2 0
508 0 0.1 0.2 0
509 0 0.1 0.2 0
510 0 0.1 0.2 0
511 0 0.1 0.2 0
512 0 0.2 0.2 0
513 0 0.2 0.2 0
514 0 0.1 0.2 0
515 0 0.1 0.2 0
516 0 0.1 0.3 0
517 0 0.2 0.3 0
518 0 0.1 0.3 0
519 0 0.1 0.3 0
520 0 0.1 0.3 0
521 0 0.1 0.3 0
522 0 0.1 0.3 0
523 0 0.1 0.3 0
524 0 0.1 0.3 0
525 0 0.1 0.3 0
526 0 0.1 0.3 0
527 0 0.1 0.2 0
528 0 0.1 0.2 0
529 0 0.1 0.2 0
530 0 0.1 0.2 0
531 0 0.1 0.2 0
532 0 0.1 0.2 0
533 0 0.1 0.2 0
534 0 0.1 0.2 0
535 0 0.1 0.1 0
536 0 0.1 0.1 0
537 0 0.1 0.1 0
538 0 0.1 0.2 0
539 0 0.1 0.2 0
540 0 0.1 0.2 0
541 0 0.1 0.2 0
542 0 0.1 0.2 0
543 0 0.1 0.2 0
544 0 0.1 0.2 0
545 0 0.1 0.2 0
546 0 0.1 0.2 0
547 0 0.1 0.2 0
548 0 0.1 0.3 0
549 0 0.1 0.3 0
550 0 0.1 0.3 0
551 0 0.1 0.2 0
552 0 0.1 0.2 0
553 0 0.1 0.2 0
554 0 0.1 0.2 0
555 0 0.1 0.2 0
556 0 0.1 0.2 0
557 0 0.1 0.2 0
558 0 0.1 0.2 0
559 0 0.1 0.2 0
560 0 0.1 0.3 0
561 0 0.1 0.3 0
562 0 0.1 0.2 0
563 0 0.1 0.2 0
564 0 0.1 0.2 0
565 0 0.1 0.2 0
566 0 0.1 0.2 0
567 0 0.1 0.2 0
568 0 0.1 0.2 0
569 0 0.1 0.3 0
570 0 0.1 0.2 0
571 0 0.1 0.2 0
572 0 0.1 0.2 0
573 0 0.1 0.2 0
574 0 0.1 0.3 0
575 0 0.1 0.3 0
576 0 0.1 0.3 0
577 0 0.1 0.3 0
578 0 0.1 0.3 0
579 0 0.1 0.3 0
580 0 0.1 0.3 0
581 0 0.1 0.3 0
582 0 0.1 0.3 0
583 0 0.1 0.3 0
584 0 0.1 0.3 0
585 0 0.1 0.3 0
586 0 0.1 0.3 0
587 0 0.1 0.3 0
588 0 0.1 0.3 0
589 0 0.1 0.3 0
590 0 0.1 0.3 0
591 0 0.1 0.3 0
592 0 0.1 0.3 0
593 0 0.1 0.3 0
594 0 0.1 0.3 0
595 0 0.1 0.3 0
596 0 0.1 0.3 0
597 0 0.1 0.3 0
598 0 0.1 0.3 0
599 0 0.1 0.3 0
600 0 0.1 0.3 0
601 0 0.1 0.3 0
602 0 0.1 0.3 0
603 0 0.1 0.3 0
604 0 0.1 0.3 0
605 0 0.1 0.3 0
606 0 0.1 0.3 0
607 0 0.1 0.3 0
608 0 0.1 0.3 0
609 0 0.1 0.3 0
610 0 0.1 0.3 0
611 0 0.1 0.3 0
612 0 0.1 0.3 0
613 0 0.1 0.3 0
614 0 0.1 0.3 0
615 0 0.1 0.3 0
616 0 0.1 0.3 0
617 0 0.1 0.3 0
618 0 0.1 0.3 0
619 0 0.1 0.3 0
620 0 0.1 0.3 0
621 0 0.1 0.3 0
622 0 0.1 0.3 0
623 0 0.1 0.3 0
624 0 0.1 0.3 0
625 0 0.1 0.3 0
626 0 0.1 0.3 0
627 0 0.1 0.3 0
628 0 0.1 0.3 0
629 0 0.1 0.3 0
630 0 0.1 0.2 0
631 0 0.1 0.2 0
632 0 0.1 0.2 0
633 0 0.1 0.2 0
634 0 0.1 0.2 0
635 0 0.1 0.2 0
636 0 0.1 0.2 0
637 0 0.1 0.2 0
638 0 0.1 0.2 0
639 0 0.1 0.2 0
640 0 0.1 0.2 0
641 0 0.1 0.2 0
642 0 0.1 0.2 0
643 0 0.1 0.2 0
644 0 0.1 0.2 0
645 0 0.1 0.2 0
646 0 0.1 0.2 0
647 0 0.1 0.2 0
648 0 0.1 0.2 0
649 0 0.1 0.2 0
650 0 0.1 0.2 0
651 0 0.1 0.2 0
652 0 0.1 0.2 0
653 0 0.1 0.2 0
654 0 0.1 0.2 0
655 0 0.1 0.3 0
656 0 0.1 0.3 0
657 0 0.1 0.2 0
658 0 0.1 0.2 0
659 0 0.1 0.2 0
660 0 0.1 0.2 0
661 0 0.1 0.2 0
662 0 0.1 0.2 0
663 0 0.1 0.2 0
664 0 0.1 0.2 0
665 0 0.1 0.2 0
666 0 0.1 0.2 0
667 0 0.1 0.2 0
668 0 0.1 0.2 0
669 0 0.1 0.2 0
670 0 0.1 0.2 0
671 0 0.1 0.2 0
672 0 0.1 0.2 0
673 0 0.1 0.2 0
674 0 0.1 0.2 0
675 0 0.1 0.2 0
676 0 0.1 0.2 0
677 0 0.1 0.2 0
678 0 0.1 0.2 0
679 0 0.1 0.2 0
680 0 0.1 0.2 0
681 0 0.1 0.2 0
682 0 0.1 0.2 0
683 0 0.1 0.3 0
684 0 0.1 0.3 0
685 0 0.1 0.3 0
686 0 0.1 0.3 0
687 0 0.1 0.3 0
688 0 0.1 0.3 0
689 0 0.1 0.3 0
690 0 0.1 0.3 0
691 0 0.1 0.3 0
692 0 0.1 0.3 0
693 0 0.1 0.3 0
694 0 0.1 0.3 0
695 0 0.1 0.3 0
696 0 0.1 0.3 0
697 0 0.1 0.3 0
698 0 0.1 0.3 0
699 0 0.1 0.3 0
700 0 0.1 0.3 0
701 0 0.1 0.3 0
702 0 0.1 0.3 0
703 0 0.1 0.3 0
704 0 0.1 0.3 0
705 0 0.1 0.3 0
706 0 0.1 0.3 0
707 0 0.1 0.3 0
708 0 0.1 0.3 0
709 0 0.1 0.3 0
710 0 0.1 0.3 0
711 0 0.1 0.3 0
712 0 0.1 0.3 0
713 0 0.1 0.3 0
714 0 0.1 0.3 0
715 0 0.1 0.3 0
716 0 0.1 0.3 0
717 0 0.1 0.3 0
718 0 0.1 0.3 0
719 0 0.1 0.3 0
720 0 0.1 0.3 0
721 0 0.1 0.3 0
722 0 0.1 0.3 0
723 0 0.1 0.3 0
724 0 0.1 0.3 0
725 0 0.1 0.3 0
726 0 0.1 0.3 0
727 0 0.1 0.3 0
728 0 0.1 0.3 0
729 0 0.1 0.3 0
730 0 0.1 0.3 0
731 0 0.1 0.3 0
732 0 0.1 0.3 0
733 0 0.1 0.3 0
734 0 0.1 0.3 0
735 0 0.1 0.3 0
736 0 0.1 0.3 0
737 0 0.1 0.3 0
738 0 0.1 0.3 0
739 0 0.1 0.3 0
740 0 0.1 0.3 0
741 0 0.1 0.3 0
742 0 0.1 0.3 0
743 0 0.1 0.3 0
744 0 0.1 0.3 0
745 0 0.1 0.3 0
746 0 0.1 0.3 0
747 0 0.1 0.3 0
748 0 0.1 0.3 0
749 0 0.1 0.3 0
750 0 0.1 0.3 0
751 0 0.1 0.3 0
752 0 0.1 0.3 0
753 0 0.1 0.3 0
754 0 0.1 0.3 0
755 0 0.1 0.3 0
756 0 0.1 0.3 0
757 0 0.1 0.3 0
758 0 0.1 0.3 0
759 0 0.1 0.2 0
760 0 0.1 0.2 0
761 0 0.1 0.2 0
762 0 0.1 0.2 0
763 0 0.1 0.2 0
764 0 0.1 0.2 0
765 0 0.1 0.2 0
766 0 0.1 0.3 0
767 0 0.1 0.3 0
768 0 0.1 0.3 0
769 0 0.1 0.3 0
770 0 0.1 0.3 0
771 0 0.1 0.3 0
772 0 0.1 0.3 0
773 0 0.1 0.3 0
774 0 0.1 0.3 0
775 0 0.1 0.3 0
776 0 0.1 0.3 0
777 0 0.1 0.3 0
778 0 0.1 0.3 0
779 0 0.1 0.3 0
780 0 0.1 0.3 0
781 0 0.1 0.3 0
782 0 0.1 0.3 0
783 0 0.1 0.3 0
784 0 0.1 0.3 0
785 0 0.1 0.3 0
786 0 0.1 0.3 0
787 0 0.1 0.3 0
788 0 0.1 0.3 0
789 0 0.1 0.3 0
790 0 0.1 0.3 0
791 0 0.1 0.3 0
792 0 0.1 0.3 0
793 0 0.1 0.3 0
794 0 0.1 0.3 0
795 0 0.1 0.3 0
796 0 0.1 0.3 0
797 0 0.1 0.3 0
798 0 0.1 0.3 0
799 0 0.1 0.3 0
800 0 0.1 0.3 0
801 0 0.1 0.3 0
802 0 0.1 0.3 0
803 0 0.1 0.3 0
804 0 0.1 0.3 0
805 0 0.1 0.3 0
806 0 0.1 0.3 0
807 0 0.1 0.3 0
808 0 0.1 0.3 0
809 0 0.1 0.3 0
810 0 0.1 0.3 0
811 0 0.1 0.3 0
812 0 0.1 0.3 0
813 0 0.1 0.3 0
814 0 0.1 0.3 0
815 0 0.1 0.3 0
816 0 0.1 0.3 0
817 0 0.1 0.3 0
818 0 0.1 0.3 0
819 0 0.1 0.3 0
820 0 0.1 0.3 0
821 0 0.1 0.3 0
822 0 0.1 0.3 0
823 0 0.1 0.3 0
824 0 0.1 0.3 0
825 0 0.1 0.3 0
826 0 0.1 0.3 0
827 0 0.1 0.3 0
828 0 0.1 0.3 0
829 0 0.1 0.3 0
830 0 0.1 0.3 0
831 0 0.1 0.4 0
832 0 0.1 0.4 0
833 0 0.1 0.4 0
834 0 0.1 0.4 0
835 0 0.1 0.4 0
836 0 0.1 0.4 0
837 0 0.1 0.4 0
838 0 0.1 0.4 0
839 0 0.1 0.4 0
840 0 0.1 0.4 0
841 0 0.1 0.4 0
842 0 0.1 0.4 0
843 0 0.1 0.4 0
844 0 0.1 0.4 0
845 0 0.1 0.4 0
846 0 0.1 0.4 0
847 0 0.1 0.4 0
848 0 0.1 0.4 0
849 0 0.1 0.4 0
850 0 0.1 0.4 0
851 0 0.1 0.4 0
852 0 0.1 0.4 0
853 0 0.1 0.4 0
854 0 0.1 0.4 0
855 0 0.1 0.4 0
856 0 0.1 0.4 0
857 0 0.1 0.4 0
858 0 0.1 0.4 0
859 0 0.1 0.4 0
860 0 0.1 0.4 0
861 0 0.1 0.4 0
862 0 0.1 0.4 0
863 0 0.1 0.4 0
864 0 0.1 0.4 0
865 0 0.1 0.4 0
866 0 0.1 0.4 0
867 0 0.1 0.4 0
868 0 0.1 0.4 0
869 0 0.1 0.4 0
870 0 0.1 0.4 0
871 0 0.1 0.4 0
872 0 0.1 0.4 0
873 0 0.1 0.4 0
874 0 0.1 0.4 0
875 0 0.1 0.4 0
876 0 0.1 0.4 0
877 0 0.1 0.4 0
878 0 0.1 0.4 0
879 0 0.1 0.4 0
880 0 0.1 0.4 0
881 0 0.1 0.4 0
882 0 0.1 0.4 0
883 0 0.1 0.4 0
884 0 0.1 0.4 0
885 0 0.1 0.4 0
886 0 0.1 0.4 0
887 0 0.1 0.4 0
888 0 0.1 0.4 0
889 0 0.1 0.4 0
890 0 0.1 0.4 0
891 0 0.1 0.4 0
892 0 0.1 0.4 0
893 0 0.1 0.4 0
894 0 0.1 0.4 0
895 0 0.1 0.4 0
896 0 0.1 0.4 0
897 0 0.1 0.4 0
898 0 0.1 0.4 0
899 0 0.1 0.4 0
900 0 0.1 0.4 0
901 0 0.1 0.3 0
902 0 0.1 0.3 0
903 0 0.1 0.3 0
904 0 0.1 0.3 0
905 0 0.1 0.3 0
906 0 0.1 0.3 0
907 0 0.1 0.3 0
908 0 0.1 0.3 0
909 0 0.1 0.3 0
910 0 0.1 0.3 0
911 0 0.1 0.3 0
912 0 0.1 0.3 0
913 0 0.1 0.3 0
914 0 0.1 0.3 0
915 0 0.1 0.3 0
916 0 0.1 0.3 0
917 0 0.1 0.3 0
918 0 0.1 0.3 0
919 0 0.1 0.3 0
920 0 0.1 0.3 0
921 0 0.1 0.3 0
922 0 0.1 0.3 0
923 0 0.1 0.3 0
924 0 0.1 0.3 0
925 0 0.1 0.3 0
926 0 0.1 0.3 0
927 0 0.1 0.3 0
928 0 0.1 0.3 0
929 0 0.1 0.3 0
930 0 0.1 0.3 0
931 0 0.1 0.3 0
932 0 0.1 0.3 0
933 0 0.1 0.3 0
934 0 0.1 0.3 0
935 0 0.1 0.3 0
936 0 0.1 0.3 0
937 0 0.1 0.3 0
938 0 0.1 0.3 0
939 0 0.1 0.3 0
940 0 0.1 0.3 0
941 0 0.1 0.3 0
942 0 0.1 0.3 0
943 0 0.1 0.3 0
944 0 0.1 0.3 0
945 0 0.1 0.3 0
946 0 0.1 0.3 0
947 0 0.1 0.3 0
948 0 0.1 0.3 0
949 0 0.1 0.3 0
950 0 0.1 0.3 0
951 0 0.1 0.3 0
952 0 0.1 0.3 0
953 0 0.1 0.3 0
954 0 0.1 0.3 0
955 0 0.1 0.3 0
956 0 0.1 0.3 0
957 0 0.1 0.3 0
958 0 0.1 0.3 0
959 0 0.1 0.3 0
960 0 0.1 0.3 0
961 0 0.1 0.3 0
962 0 0.1 0.3 0
963 0 0.1 0.3 0
964 0 0.1 0.3 0
965 0 0.1 0.3 0
966 0 0.1 0.3 0
967 0 0.1 0.3 0
968 0 0.1 0.3 0
969 0 0.1 0.3 0
970 0 0.1 0.3 0
971 0 0.1 0.2 0
972 0 0.1 0.2 0
973 0 0.1 0.2 0
974 0 0.1 0.2 0
975 0 0.1 0.2 0
976 0 0.1 0.2 0
977 0 0.1 0.2 0
978 0 0.1 0.2 0
979 0 0.1 0.2 0
980 0 0.1 0.2 0
981 0 0.1 0.2 0
982 0 0.1 0.3 0
983 0 0.1 0.3 0
984 0 0.1 0.3 0
985 0 0.1 0.3 0
986 0 0.1 0.3 0
987 0 0.1 0.3 0
988 0 0.1 0.3 0
989 0 0.1 0.3 0
990 0 0.1 0.3 0
991 0 0.1 0.3 0
992 0 0.1 0.3 0
993 0 0.1 0.3 0
994 0 0.1 0.3 0
995 0 0.1 0.3 0
996 0 0.1 0.3 0
997 0 0.1 0.3 0
998 0 0.1 0.2 0
999 0 0.1 0.2 0
1000 0 0.1 0.3 0

RUN 3
probablistic_multi teamdraft_multi probabilistic_inter sample_probablistic_multi
1 0.3 0.6 0.9 0.5
2 0.3 0.6 0.8 0.5
3 0.3 0.3 0.8 0.3
4 0.3 0.5 0.7 0.3
5 0.2 0.3 0.6 0.3
6 0.2 0.3 0.6 0.1
7 0.2 0.3 0.5 0.1
8 0.3 0.3 0.5 0.1
9 0.3 0.3 0.5 0.1
10 0.3 0.3 0.5 0.3
11 0.2 0.1 0.4 0.2
12 0.3 0.1 0.4 0.2
13 0.3 0.2 0.4 0.2
14 0.3 0.3 0.4 0.1
15 0.1 0.4 0.4 0.1
16 0.1 0.3 0.4 0.1
17 0.1 0.4 0.4 0.1
18 0.1 0.3 0.4 0.1
19 0.1 0.3 0.4 0
20 0.1 0.2 0.4 0
21 0.1 0.3 0.4 0
22 0.1 0.3 0.4 0
23 0.1 0.2 0.5 0
24 0.1 0.2 0.4 0
25 0.1 0.3 0.4 0
26 0.1 0.3 0.4 0
27 0 0.3 0.4 0
28 0.1 0.4 0.4 0
29 0.1 0.5 0.4 0
30 0.1 0.5 0.4 0.1
31 0.1 0.4 0.4 0.1
32 0.1 0.4 0.4 0.1
33 0.1 0.3 0.4 0.1
34 0.1 0.3 0.4 0.1
35 0.1 0.3 0.4 0.1
36 0.1 0.3 0.5 0.1
37 0.1 0.3 0.5 0.1
38 0.1 0.3 0.5 0
39 0.1 0.3 0.4 0
40 0.1 0.3 0.4 0
41 0.1 0.3 0.4 0
42 0.1 0.3 0.4 0
43 0.1 0.3 0.4 0
44 0.1 0.3 0.5 0
45 0.1 0.3 0.6 0
46 0.1 0.3 0.6 0
47 0.1 0.3 0.6 0
48 0.1 0.3 0.6 0
49 0.1 0.3 0.6 0
50 0.1 0.3 0.5 0
51 0.1 0.3 0.5 0
52 0.1 0.3 0.4 0
53 0.1 0.3 0.4 0
54 0.1 0.3 0.4 0
55 0.1 0.3 0.4 0
56 0.1 0.3 0.4 0
57 0.1 0.3 0.3 0
58 0.1 0.3 0.4 0
59 0.1 0.2 0.4 0
60 0.1 0.2 0.4 0
61 0.1 0.2 0.4 0
62 0.1 0.2 0.4 0
63 0.1 0.1 0.4 0
64 0.1 0.1 0.3 0
65 0.1 0.2 0.3 0
66 0.1 0.2 0.3 0
67 0.1 0.2 0.3 0
68 0.1 0.2 0.3 0
69 0 0.2 0.3 0
70 0 0.2 0.3 0
71 0 0.1 0.3 0
72 0 0.2 0.3 0
73 0 0.2 0.3 0
74 0 0.2 0.3 0
75 0 0.1 0.3 0
76 0 0.1 0.3 0
77 0 0.1 0.2 0
78 0 0.1 0.2 0
79 0 0.1 0.2 0
80 0 0.1 0.1 0
81 0 0.1 0.1 0
82 0 0.1 0.1 0
83 0 0.1 0.1 0
84 0 0.1 0.1 0
85 0 0.1 0.1 0
86 0 0.1 0.1 0
87 0 0.1 0.1 0
88 0 0.1 0.1 0
89 0 0.1 0.2 0
90 0 0.1 0.2 0
91 0 0.1 0.2 0
92 0 0.1 0.2 0
93 0 0.1 0.2 0
94 0 0.1 0.2 0
95 0 0.1 0.2 0
96 0 0.1 0.2 0
97 0 0.1 0.2 0
98 0 0.1 0.2 0
99 0 0.1 0.2 0
100 0 0.1 0.2 0
101 0 0.1 0.2 0
102 0 0.1 0.2 0
103 0 0.1 0.2 0
104 0 0.1 0.2 0
105 0 0.1 0.3 0
106 0 0.1 0.3 0
107 0 0.1 0.3 0
108 0 0.1 0.3 0
109 0 0.1 0.3 0
110 0 0.1 0.3 0
111 0 0.1 0.3 0
112 0 0.1 0.3 0
113 0 0.1 0.3 0
114 0 0.1 0.2 0
115 0 0.1 0.2 0
116 0 0.1 0.2 0
117 0 0.1 0.2 0
118 0 0.1 0.2 0
119 0 0.1 0.2 0
120 0 0.1 0.2 0
121 0 0.1 0.1 0
122 0 0.1 0.1 0
123 0 0.1 0.1 0
124 0 0.1 0.1 0
125 0 0.2 0.1 0
126 0 0.1 0.1 0
127 0 0.1 0.1 0
128 0 0.1 0.1 0
129 0 0.1 0.1 0
130 0 0.1 0.1 0
131 0 0.1 0.1 0
132 0 0.1 0.1 0
133 0 0.1 0.2 0
134 0 0.1 0.2 0
135 0 0.1 0.2 0
136 0 0.1 0.2 0
137 0 0.1 0.2 0
138 0 0.1 0.1 0
139 0 0.1 0 0
140 0 0.1 0 0
141 0 0.1 0 0
142 0 0.1 0 0
143 0 0.1 0 0
144 0 0.1 0 0
145 0 0.1 0 0
146 0 0.1 0 0
147 0 0.1 0 0
148 0 0.1 0.1 0
149 0 0.1 0.1 0
150 0 0.1 0.1 0
151 0 0.1 0.1 0
152 0 0.1 0.1 0
153 0 0.1 0.1 0
154 0 0.1 0.1 0
155 0 0.1 0.1 0
156 0 0.1 0.1 0
157 0 0.1 0.1 0
158 0 0.1 0 0
159 0 0.2 0 0
160 0 0.3 0.1 0
161 0 0.3 0.1 0
162 0 0.3 0.1 0
163 0 0.2 0.1 0
164 0 0.2 0.1 0
165 0 0.3 0.1 0
166 0 0.2 0.1 0
167 0 0.2 0.1 0
168 0 0.2 0.1 0
169 0 0.2 0.1 0
170 0 0.3 0.1 0
171 0 0.3 0.1 0
172 0 0.3 0.1 0
173 0 0.3 0.1 0
174 0 0.3 0.1 0
175 0 0.3 0.1 0
176 0 0.2 0.1 0
177 0 0.2 0.1 0
178 0 0.2 0.1 0
179 0 0.2 0.2 0
180 0 0.2 0.2 0
181 0 0.2 0.2 0
182 0 0.2 0.2 0
183 0 0.2 0.2 0
184 0 0.3 0.2 0
185 0 0.3 0.2 0
186 0 0.3 0.2 0
187 0 0.3 0.2 0
188 0 0.3 0.2 0
189 0 0.3 0.2 0
190 0 0.3 0.2 0
191 0 0.3 0.2 0
192 0 0.3 0.2 0
193 0 0.3 0.2 0
194 0 0.3 0.1 0
195 0 0.2 0.1 0
196 0 0.2 0.1 0
197 0 0.2 0.1 0
198 0 0.2 0.1 0
199 0 0.2 0.1 0
200 0 0.2 0.1 0
201 0 0.2 0.1 0
202 0 0.2 0.1 0
203 0 0.2 0.2 0
204 0 0.2 0.2 0
205 0 0.2 0.2 0
206 0 0.2 0.2 0
207 0 0.2 0.2 0
208 0 0.2 0.2 0
209 0 0.2 0.2 0
210 0 0.2 0.2 0
211 0 0.2 0.2 0
212 0 0.2 0.2 0
213 0 0.2 0.2 0
214 0 0.2 0.2 0
215 0 0.2 0.2 0
216 0 0.2 0.2 0
217 0 0.2 0.2 0
218 0 0.2 0.2 0
219 0 0.2 0.2 0
220 0 0.2 0.2 0
221 0 0.2 0.2 0
222 0 0.2 0.2 0
223 0 0.2 0.2 0
224 0 0.2 0.2 0
225 0 0.1 0.2 0
226 0 0.1 0.2 0
227 0 0.1 0.2 0
228 0 0.1 0.2 0
229 0 0.1 0.2 0
230 0 0.1 0.2 0
231 0 0.2 0.2 0
232 0 0.2 0.2 0
233 0 0.2 0.2 0
234 0 0.1 0.2 0
235 0 0.1 0.2 0
236 0 0.1 0.2 0
237 0 0.1 0.2 0
238 0 0.1 0.2 0
239 0 0.1 0.2 0
240 0 0.1 0.2 0
241 0 0.1 0.2 0
242 0 0.1 0.2 0
243 0 0.1 0.2 0
244 0 0.1 0.2 0
245 0 0.1 0.2 0
246 0 0.1 0.2 0
247 0 0.1 0.2 0
248 0 0.2 0.2 0
249 0 0.2 0.2 0
250 0 0.2 0.2 0
251 0 0.2 0.2 0
252 0 0.1 0.2 0
253 0 0.3 0.2 0
254 0 0.3 0.2 0
255 0 0.3 0.2 0
256 0 0.3 0.2 0
257 0 0.2 0.2 0
258 0 0.3 0.2 0
259 0 0.3 0.2 0
260 0 0.3 0.2 0
261 0 0.3 0.2 0
262 0 0.3 0.2 0
263 0 0.2 0.2 0
264 0 0.2 0.2 0
265 0 0.2 0.2 0
266 0 0.3 0.2 0
267 0 0.3 0.2 0
268 0 0.3 0.2 0
269 0 0.1 0.2 0
270 0 0.1 0.2 0
271 0 0.1 0.2 0
272 0 0.1 0.2 0
273 0 0.1 0.2 0
274 0 0.1 0.2 0
275 0 0.1 0.2 0
276 0 0.1 0.2 0
277 0 0.1 0.2 0
278 0 0.1 0.2 0
279 0 0.1 0.2 0
280 0 0.1 0.2 0
281 0 0.1 0.2 0
282 0 0.1 0.2 0
283 0 0.1 0.2 0
284 0 0.1 0.2 0
285 0 0.1 0.2 0
286 0 0.1 0.2 0
287 0 0.2 0.2 0
288 0 0.1 0.2 0
289 0 0.1 0.2 0
290 0 0.1 0.2 0
291 0 0.1 0.2 0
292 0 0.1 0.2 0
293 0 0.2 0.2 0
294 0 0.2 0.2 0
295 0 0.2 0.2 0
296 0 0.2 0.2 0
297 0 0.2 0.2 0
298 0 0.2 0.2 0
299 0 0.2 0.2 0
300 0 0.2 0.2 0
301 0 0.2 0.2 0
302 0 0.2 0.2 0
303 0 0.2 0.2 0
304 0 0.2 0.2 0
305 0 0.2 0.2 0
306 0 0.2 0.2 0
307 0 0.2 0.2 0
308 0 0.2 0.2 0
309 0 0.2 0.2 0
310 0 0.2 0.2 0
311 0 0.2 0.2 0
312 0 0.2 0.2 0
313 0 0.2 0.2 0
314 0 0.2 0.2 0
315 0 0.2 0.2 0
316 0 0.2 0.2 0
317 0 0.2 0.2 0
318 0 0.2 0.2 0
319 0 0.2 0.3 0
320 0 0.1 0.3 0
321 0 0.1 0.3 0
322 0 0.1 0.3 0
323 0 0.1 0.3 0
324 0 0.1 0.3 0
325 0 0.1 0.3 0
326 0 0.1 0.3 0
327 0 0.1 0.3 0
328 0 0.1 0.3 0
329 0 0.2 0.3 0
330 0 0.2 0.3 0
331 0 0.2 0.3 0
332 0 0.1 0.3 0
333 0 0.1 0.3 0
334 0 0.2 0.3 0
335 0 0.2 0.3 0
336 0 0.2 0.3 0
337 0 0.2 0.3 0
338 0 0.2 0.3 0
339 0 0.2 0.3 0
340 0 0.2 0.3 0
341 0 0.2 0.3 0
342 0 0.1 0.3 0
343 0 0.1 0.3 0
344 0 0.1 0.3 0
345 0 0.1 0.3 0
346 0 0.1 0.3 0
347 0 0.1 0.3 0
348 0 0.1 0.3 0
349 0 0.1 0.3 0
350 0 0.1 0.3 0
351 0 0.1 0.3 0
352 0 0.1 0.3 0
353 0 0.1 0.3 0
354 0 0.1 0.3 0
355 0 0.1 0.3 0
356 0 0.1 0.3 0
357 0 0.1 0.3 0
358 0 0.1 0.3 0
359 0 0.1 0.3 0
360 0 0.1 0.3 0
361 0 0.1 0.3 0
362 0 0.1 0.3 0
363 0 0.1 0.3 0
364 0 0.1 0.3 0
365 0 0.1 0.3 0
366 0 0.1 0.3 0
367 0 0.1 0.3 0
368 0 0.1 0.3 0
369 0 0.1 0.3 0
370 0 0.1 0.3 0
371 0 0.1 0.3 0
372 0 0.1 0.3 0
373 0 0.1 0.3 0
374 0 0.1 0.3 0
375 0 0.1 0.3 0
376 0 0.1 0.3 0
377 0 0.1 0.3 0
378 0 0.1 0.3 0
379 0 0.1 0.2 0
380 0 0.1 0.2 0
381 0 0 0.2 0
382 0 0 0.2 0
383 0 0 0.2 0
384 0 0 0.2 0
385 0 0 0.2 0
386 0 0 0.2 0
387 0 0 0.2 0
388 0 0 0.2 0
389 0 0 0.2 0
390 0 0 0.2 0
391 0 0 0.2 0
392 0 0 0.2 0
393 0 0 0.2 0
394 0 0 0.2 0
395 0 0 0.2 0
396 0 0 0.2 0
397 0 0 0.2 0
398 0 0 0.1 0
399 0 0 0.1 0
400 0 0 0.1 0
401 0 0 0.1 0
402 0 0.1 0.1 0
403 0 0.1 0.1 0
404 0 0 0.1 0
405 0 0.1 0.1 0
406 0 0.1 0.1 0
407 0 0.1 0.1 0
408 0 0.1 0.1 0
409 0 0.1 0.1 0
410 0 0.1 0.1 0
411 0 0.1 0.1 0
412 0 0 0.1 0
413 0 0 0.1 0
414 0 0 0.1 0
415 0 0 0.1 0
416 0 0 0.1 0
417 0 0 0.1 0
418 0 0 0.1 0
419 0 0 0.1 0
420 0 0 0.1 0
421 0 0 0.1 0
422 0 0 0.1 0
423 0 0 0.1 0
424 0 0.1 0.1 0
425 0 0.1 0.1 0
426 0 0.1 0.1 0
427 0 0.1 0.1 0
428 0 0.1 0.1 0
429 0 0.1 0.1 0
430 0 0.1 0.1 0
431 0 0.1 0.1 0
432 0 0.1 0.1 0
433 0 0.1 0.1 0
434 0 0.1 0.1 0
435 0 0.1 0.1 0
436 0 0.1 0.1 0
437 0 0.1 0.1 0
438 0 0.1 0.1 0
439 0 0.1 0.1 0
440 0 0.1 0.1 0
441 0 0.1 0.1 0
442 0 0.1 0.1 0
443 0 0.1 0.1 0
444 0 0.1 0.1 0
445 0 0.1 0.1 0
446 0 0.1 0.1 0
447 0 0.1 0.1 0
448 0 0.1 0.1 0
449 0 0.1 0.1 0
450 0 0.1 0.1 0
451 0 0.1 0.1 0
452 0 0.1 0.1 0
453 0 0.1 0.1 0
454 0 0.1 0.1 0
455 0 0.1 0.1 0
456 0 0.1 0.1 0
457 0 0.1 0.1 0
458 0 0.1 0.1 0
459 0 0.1 0.1 0
460 0 0.1 0.1 0
461 0 0.1 0.1 0
462 0 0.1 0.1 0
463 0 0.1 0.1 0
464 0 0.1 0.1 0
465 0 0.1 0.1 0
466 0 0.1 0.1 0
467 0 0.1 0.1 0
468 0 0.1 0.1 0
469 0 0.1 0.1 0
470 0 0.1 0.1 0
471 0 0.1 0.1 0
472 0 0.1 0.1 0
473 0 0.1 0.1 0
474 0 0.1 0.1 0
475 0 0.1 0.1 0
476 0 0.1 0.1 0
477 0 0.1 0.1 0
478 0 0.1 0.1 0
479 0 0.1 0.1 0
480 0 0.1 0.1 0
481 0 0.1 0.1 0
482 0 0 0.1 0
483 0 0.1 0.1 0
484 0 0 0.1 0
485 0 0.1 0.1 0
486 0 0.1 0.1 0
487 0 0.1 0.1 0
488 0 0 0.1 0
489 0 0.1 0.1 0
490 0 0.1 0.1 0
491 0 0.1 0.1 0
492 0 0.1 0.1 0
493 0 0.1 0.1 0
494 0 0.1 0.1 0
495 0 0.1 0.1 0
496 0 0.1 0.1 0
497 0 0.1 0.1 0
498 0 0.1 0.1 0
499 0 0.1 0.2 0
500 0 0.1 0.2 0
501 0 0.1 0.2 0
502 0 0.1 0.2 0
503 0 0.1 0.2 0
504 0 0.1 0.2 0
505 0 0.1 0.2 0
506 0 0.1 0.2 0
507 0 0.1 0.2 0
508 0 0.1 0.2 0
509 0 0.1 0.2 0
510 0 0.1 0.2 0
511 0 0.1 0.2 0
512 0 0.1 0.2 0
513 0 0 0.2 0
514 0 0 0.2 0
515 0 0 0.2 0
516 0 0 0.2 0
517 0 0 0.2 0
518 0 0 0.2 0
519 0 0 0.2 0
520 0 0 0.2 0
521 0 0 0.2 0
522 0 0 0.2 0
523 0 0 0.2 0
524 0 0 0.2 0
525 0 0 0.2 0
526 0 0 0.2 0
527 0 0 0.2 0
528 0 0 0.2 0
529 0 0 0.2 0
530 0 0.1 0.2 0
531 0 0 0.2 0
532 0 0.1 0.2 0
533 0 0 0.2 0
534 0 0.1 0.2 0
535 0 0.1 0.2 0
536 0 0.1 0.1 0
537 0 0.1 0.1 0
538 0 0.1 0.1 0
539 0 0.1 0.1 0
540 0 0.1 0.1 0
541 0 0.1 0.1 0
542 0 0.1 0.1 0
543 0 0.1 0.1 0
544 0 0.1 0.1 0
545 0 0.1 0.1 0
546 0 0.1 0.1 0
547 0 0.1 0.1 0
548 0 0.1 0.1 0
549 0 0.1 0.1 0
550 0 0.1 0.1 0
551 0 0.1 0.1 0
552 0 0.1 0.1 0
553 0 0.1 0.1 0
554 0 0.1 0.1 0
555 0 0.1 0.1 0
556 0 0.1 0.1 0
557 0 0.1 0.1 0
558 0 0.1 0.1 0
559 0 0.1 0.1 0
560 0 0.1 0.2 0
561 0 0.1 0.2 0
562 0 0.1 0.2 0
563 0 0.1 0.2 0
564 0 0.1 0.2 0
565 0 0.1 0.2 0
566 0 0.1 0.2 0
567 0 0.1 0.2 0
568 0 0.1 0.2 0
569 0 0.1 0.2 0
570 0 0.1 0.2 0
571 0 0.1 0.2 0
572 0 0.1 0.2 0
573 0 0.1 0.2 0
574 0 0.1 0.3 0
575 0 0.1 0.3 0
576 0 0.1 0.3 0
577 0 0.1 0.3 0
578 0 0.1 0.3 0
579 0 0.1 0.3 0
580 0 0.1 0.3 0
581 0 0.1 0.3 0
582 0 0.1 0.3 0
583 0 0.1 0.3 0
584 0 0.1 0.3 0
585 0 0.1 0.3 0
586 0 0.1 0.3 0
587 0 0.1 0.3 0
588 0 0.1 0.3 0
589 0 0 0.3 0
590 0 0 0.3 0
591 0 0 0.3 0
592 0 0 0.3 0
593 0 0 0.3 0
594 0 0 0.2 0
595 0 0 0.2 0
596 0 0 0.2 0
597 0 0 0.2 0
598 0 0 0.2 0
599 0 0 0.2 0
600 0 0 0.2 0
601 0 0 0.2 0
602 0 0.1 0.2 0
603 0 0 0.2 0
604 0 0 0.2 0
605 0 0 0.2 0
606 0 0 0.2 0
607 0 0 0.2 0
608 0 0 0.2 0
609 0 0 0.2 0
610 0 0 0.2 0
611 0 0 0.2 0
612 0 0 0.2 0
613 0 0 0.2 0
614 0 0 0.2 0
615 0 0 0.2 0
616 0 0 0.2 0
617 0 0 0.3 0
618 0 0 0.3 0
619 0 0 0.3 0
620 0 0 0.3 0
621 0 0 0.2 0
622 0 0 0.2 0
623 0 0 0.2 0
624 0 0 0.2 0
625 0 0 0.2 0
626 0 0 0.2 0
627 0 0 0.2 0
628 0 0 0.2 0
629 0 0 0.2 0
630 0 0 0.2 0
631 0 0 0.2 0
632 0 0 0.2 0
633 0 0 0.2 0
634 0 0 0.2 0
635 0 0 0.2 0
636 0 0 0.3 0
637 0 0 0.3 0
638 0 0 0.3 0
639 0 0 0.3 0
640 0 0 0.3 0
641 0 0 0.3 0
642 0 0 0.3 0
643 0 0 0.3 0
644 0 0 0.3 0
645 0 0 0.3 0
646 0 0 0.3 0
647 0 0 0.3 0
648 0 0 0.3 0
649 0 0 0.3 0
650 0 0 0.3 0
651 0 0 0.3 0
652 0 0 0.3 0
653 0 0 0.3 0
654 0 0 0.3 0
655 0 0 0.3 0
656 0 0 0.3 0
657 0 0 0.3 0
658 0 0 0.3 0
659 0 0 0.3 0
660 0 0 0.2 0
661 0 0 0.2 0
662 0 0 0.2 0
663 0 0 0.2 0
664 0 0 0.2 0
665 0 0 0.2 0
666 0 0 0.2 0
667 0 0 0.2 0
668 0 0 0.2 0
669 0 0 0.2 0
670 0 0 0.2 0
671 0 0 0.2 0
672 0 0 0.2 0
673 0 0 0.2 0
674 0 0 0.2 0
675 0 0 0.1 0
676 0 0 0.1 0
677 0 0 0.1 0
678 0 0 0.1 0
679 0 0 0.1 0
680 0 0 0.1 0
681 0 0 0.1 0
682 0 0 0.1 0
683 0 0 0.1 0
684 0 0 0.1 0
685 0 0 0.1 0
686 0 0 0.1 0
687 0 0 0.1 0
688 0 0 0.1 0
689 0 0 0.1 0
690 0 0 0.1 0
691 0 0 0.1 0
692 0 0 0.1 0
693 0 0 0 0
694 0 0 0 0
695 0 0 0 0
696 0 0 0 0
697 0 0 0 0
698 0 0 0 0
699 0 0 0 0
700 0 0 0.1 0
701 0 0 0.1 0
702 0 0 0.1 0
703 0 0 0.1 0
704 0 0 0.1 0
705 0 0 0.1 0
706 0 0 0.1 0
707 0 0 0.1 0
708 0 0 0.2 0
709 0 0 0.2 0
710 0 0 0.2 0
711 0 0 0.2 0
712 0 0 0.2 0
713 0 0 0.2 0
714 0 0 0.2 0
715 0 0 0.2 0
716 0 0 0.2 0
717 0 0 0.2 0
718 0 0 0.2 0
719 0 0 0.2 0
720 0 0 0.2 0
721 0 0 0.2 0
722 0 0 0.2 0
723 0 0 0.2 0
724 0 0 0.2 0
725 0 0 0.2 0
726 0 0 0.2 0
727 0 0 0.2 0
728 0 0 0.2 0
729 0 0 0.2 0
730 0 0 0.2 0
731 0 0 0.2 0
732 0 0 0.2 0
733 0 0 0.2 0
734 0 0 0.2 0
735 0 0 0.2 0
736 0 0 0.2 0
737 0 0.1 0.2 0
738 0 0.1 0.2 0
739 0 0.1 0.2 0
740 0 0 0.2 0
741 0 0 0.2 0
742 0 0.1 0.2 0
743 0 0.1 0.2 0
744 0 0.1 0.2 0
745 0 0 0.2 0
746 0 0 0.2 0
747 0 0 0.2 0
748 0 0.1 0.2 0
749 0 0.1 0.2 0
750 0 0.1 0.2 0
751 0 0 0.2 0
752 0 0.1 0.2 0
753 0 0.1 0.2 0
754 0 0.1 0.1 0
755 0 0.1 0.2 0
756 0 0.1 0.2 0
757 0 0.1 0.2 0
758 0 0.1 0.2 0
759 0 0 0.2 0
760 0 0.1 0.2 0
761 0 0.1 0.2 0
762 0 0 0.2 0
763 0 0.1 0.2 0
764 0 0.1 0.2 0
765 0 0.1 0.2 0
766 0 0.1 0.2 0
767 0 0 0.2 0
768 0 0.1 0.2 0
769 0 0 0.2 0
770 0 0 0.2 0
771 0 0 0.2 0
772 0 0 0.2 0
773 0 0 0.2 0
774 0 0 0.2 0
775 0 0 0.2 0
776 0 0 0.2 0
777 0 0 0.2 0
778 0 0 0.2 0
779 0 0 0.2 0
780 0 0 0.2 0
781 0 0 0.2 0
782 0 0 0.2 0
783 0 0 0.2 0
784 0 0 0.2 0
785 0 0 0.3 0
786 0 0 0.3 0
787 0 0 0.3 0
788 0 0 0.3 0
789 0 0 0.3 0
790 0 0 0.2 0
791 0 0 0.1 0
792 0 0 0.1 0
793 0 0 0.1 0
794 0 0 0.1 0
795 0 0 0.1 0
796 0 0 0.1 0
797 0 0 0.1 0
798 0 0 0.1 0
799 0 0 0.1 0
800 0 0 0.1 0
801 0 0 0.1 0
802 0 0 0.1 0
803 0 0 0.1 0
804 0 0 0.1 0
805 0 0 0.1 0
806 0 0 0.1 0
807 0 0 0.1 0
808 0 0 0.1 0
809 0 0 0.1 0
810 0 0 0.1 0
811 0 0 0.1 0
812 0 0 0.1 0
813 0 0 0.1 0
814 0 0 0.1 0
815 0 0 0.1 0
816 0 0 0.1 0
817 0 0 0.1 0
818 0 0 0.1 0
819 0 0 0.1 0
820 0 0 0.1 0
821 0 0 0.1 0
822 0 0 0.1 0
823 0 0 0.1 0
824 0 0 0.1 0
825 0 0 0.1 0
826 0 0 0.1 0
827 0 0 0.1 0
828 0 0 0.1 0
829 0 0 0.1 0
830 0 0 0.1 0
831 0 0 0.1 0
832 0 0 0.1 0
833 0 0 0.1 0
834 0 0 0.1 0
835 0 0 0.1 0
836 0 0 0.1 0
837 0 0 0.1 0
838 0 0 0.1 0
839 0 0 0.1 0
840 0 0 0.1 0
841 0 0 0.1 0
842 0 0 0.1 0
843 0 0 0.1 0
844 0 0 0.1 0
845 0 0 0.1 0
846 0 0 0.1 0
847 0 0 0.1 0
848 0 0 0.1 0
849 0 0 0.1 0
850 0 0 0.1 0
851 0 0 0.1 0
852 0 0 0.1 0
853 0 0 0.1 0
854 0 0 0.1 0
855 0 0 0.1 0
856 0 0 0.1 0
857 0 0 0.1 0
858 0 0 0.1 0
859 0 0 0.1 0
860 0 0 0.1 0
861 0 0 0.1 0
862 0 0 0.1 0
863 0 0 0.1 0
864 0 0 0.1 0
865 0 0 0.1 0
866 0 0 0.1 0
867 0 0 0.1 0
868 0 0 0.1 0
869 0 0 0.1 0
870 0 0 0.1 0
871 0 0 0.1 0
872 0 0 0.1 0
873 0 0 0.1 0
874 0 0 0.1 0
875 0 0 0.1 0
876 0 0 0.1 0
877 0 0 0.1 0
878 0 0 0.1 0
879 0 0 0.1 0
880 0 0 0.1 0
881 0 0 0.1 0
882 0 0 0.1 0
883 0 0 0.1 0
884 0 0 0.1 0
885 0 0 0.2 0
886 0 0 0.2 0
887 0 0 0.2 0
888 0 0 0.2 0
889 0 0 0.2 0
890 0 0 0.2 0
891 0 0 0.2 0
892 0 0 0.2 0
893 0 0 0.2 0
894 0 0 0.2 0
895 0 0 0.2 0
896 0 0 0.2 0
897 0 0 0.2 0
898 0 0 0.2 0
899 0 0 0.2 0
900 0 0 0.2 0
901 0 0 0.2 0
902 0 0 0.2 0
903 0 0 0.2 0
904 0 0 0.2 0
905 0 0 0.2 0
906 0 0 0.2 0
907 0 0 0.2 0
908 0 0 0.2 0
909 0 0 0.2 0
910 0 0 0.2 0
911 0 0 0.2 0
912 0 0 0.2 0
913 0 0 0.2 0
914 0 0 0.2 0
915 0 0 0.2 0
916 0 0 0.2 0
917 0 0 0.2 0
918 0 0 0.2 0
919 0 0 0.2 0
920 0 0 0.2 0
921 0 0 0.2 0
922 0 0 0.2 0
923 0 0 0.2 0
924 0 0 0.2 0
925 0 0 0.2 0
926 0 0 0.2 0
927 0 0 0.2 0
928 0 0 0.2 0
929 0 0 0.2 0
930 0 0 0.2 0
931 0 0 0.2 0
932 0 0 0.2 0
933 0 0 0.2 0
934 0 0 0.2 0
935 0 0 0.2 0
936 0 0 0.2 0
937 0 0 0.2 0
938 0 0 0.2 0
939 0 0 0.2 0
940 0 0 0.2 0
941 0 0 0.2 0
942 0 0 0.2 0
943 0 0 0.2 0
944 0 0 0.2 0
945 0 0 0.2 0
946 0 0 0.2 0
947 0 0 0.2 0
948 0 0 0.2 0
949 0 0 0.2 0
950 0 0 0.2 0
951 0 0 0.2 0
952 0 0 0.2 0
953 0 0 0.2 0
954 0 0 0.2 0
955 0 0 0.2 0
956 0 0 0.2 0
957 0 0 0.2 0
958 0 0 0.2 0
959 0 0 0.2 0
960 0 0 0.2 0
961 0 0 0.2 0
962 0 0 0.2 0
963 0 0 0.2 0
964 0 0 0.2 0
965 0 0 0.2 0
966 0 0 0.2 0
967 0 0 0.2 0
968 0 0 0.2 0
969 0 0 0.2 0
970 0 0 0.2 0
971 0 0 0.2 0
972 0 0 0.2 0
973 0 0 0.2 0
974 0 0 0.2 0
975 0 0 0.2 0
976 0 0 0.2 0
977 0 0 0.2 0
978 0 0 0.2 0
979 0 0 0.2 0
980 0 0 0.2 0
981 0 0 0.2 0
982 0 0 0.2 0
983 0 0 0.2 0
984 0 0 0.2 0
985 0 0 0.2 0
986 0 0 0.2 0
987 0 0 0.2 0
988 0 0 0.2 0
989 0 0 0.2 0
990 0 0 0.2 0
991 0 0 0.2 0
992 0 0 0.2 0
993 0 0 0.2 0
994 0 0 0.2 0
995 0 0 0.2 0
996 0 0 0.2 0
997 0 0 0.2 0
998 0 0 0.2 0
999 0 0 0.2 0
1000 0 0 0.2 0

RUN 4
probablistic_multi teamdraft_multi probabilistic_inter sample_probablistic_multi
1 0.3 0.6 0.9 0.7
2 0.4 0.4 0.9 0.1
3 0.3 0.3 0.9 0
4 0.3 0.1 0.8 0.2
5 0.3 0.3 0.7 0
6 0.3 0.4 0.6 0
7 0.3 0.3 0.6 0
8 0.3 0.3 0.7 0
9 0.3 0.3 0.8 0
10 0.4 0.3 0.8 0
11 0.3 0.3 0.7 0
12 0.3 0.3 0.7 0.1
13 0.2 0.3 0.8 0.1
14 0.2 0.3 0.8 0.1
15 0.2 0.3 0.8 0.2
16 0.2 0.3 0.8 0
17 0.2 0.3 0.8 0
18 0.2 0.3 0.7 0
19 0.2 0.3 0.8 0
20 0.1 0.2 0.8 0.1
21 0.1 0.3 0.8 0.1
22 0.2 0.3 0.7 0.1
23 0.1 0.3 0.7 0.1
24 0.2 0.2 0.7 0.1
25 0.1 0.2 0.7 0.1
26 0.2 0.2 0.8 0.2
27 0.2 0.2 0.8 0.2
28 0.2 0.2 0.8 0.2
29 0.2 0.2 0.8 0.2
30 0.2 0.2 0.8 0.2
31 0.1 0.2 0.8 0.2
32 0.1 0.2 0.7 0.1
33 0.1 0.2 0.7 0.1
34 0.1 0.2 0.7 0.1
35 0.1 0.1 0.7 0.1
36 0.1 0.1 0.7 0.1
37 0.1 0.1 0.7 0
38 0.1 0.1 0.7 0
39 0.1 0.1 0.6 0
40 0.1 0.1 0.6 0.1
41 0.2 0.1 0.6 0
42 0.1 0.1 0.6 0
43 0.2 0.1 0.6 0
44 0.1 0.1 0.6 0
45 0.2 0.1 0.5 0
46 0.1 0.1 0.5 0
47 0.1 0.1 0.5 0
48 0.1 0.1 0.5 0
49 0.2 0.1 0.5 0
50 0.1 0.1 0.5 0
51 0.2 0.1 0.5 0
52 0.2 0.1 0.5 0
53 0.2 0.1 0.5 0
54 0.2 0.1 0.5 0
55 0.2 0.1 0.5 0
56 0.2 0.1 0.6 0
57 0.2 0.1 0.6 0
58 0.2 0.1 0.6 0
59 0.2 0.1 0.6 0
60 0.2 0.1 0.5 0
61 0.2 0.1 0.5 0
62 0.2 0.1 0.5 0
63 0.2 0.1 0.6 0
64 0.2 0.1 0.6 0
65 0.2 0.1 0.6 0
66 0.2 0.1 0.6 0
67 0.2 0.1 0.6 0
68 0.2 0.1 0.6 0
69 0.2 0.1 0.5 0
70 0.2 0.1 0.5 0
71 0.2 0.1 0.5 0
72 0.2 0.1 0.4 0
73 0.2 0.1 0.4 0
74 0.2 0.1 0.4 0
75 0.2 0.1 0.5 0
76 0.2 0.1 0.5 0
77 0.2 0.1 0.5 0
78 0.2 0.1 0.5 0
79 0.2 0.1 0.4 0
80 0.2 0.1 0.4 0
81 0.2 0.1 0.4 0
82 0.2 0.1 0.4 0
83 0.2 0.1 0.4 0
84 0.2 0.1 0.4 0
85 0.2 0.1 0.4 0
86 0.2 0.1 0.3 0
87 0.2 0.1 0.3 0
88 0.2 0.1 0.3 0
89 0.2 0.1 0.3 0
90 0.2 0.1 0.4 0
91 0.2 0.1 0.4 0
92 0.2 0.1 0.4 0
93 0.2 0.1 0.4 0
94 0.2 0.1 0.4 0
95 0.2 0.1 0.4 0
96 0.2 0.1 0.4 0
97 0.2 0.1 0.4 0
98 0.2 0.1 0.4 0
99 0.2 0.1 0.4 0
100 0.2 0.1 0.4 0
101 0.2 0.1 0.4 0
102 0.2 0.1 0.4 0
103 0.2 0.1 0.4 0
104 0.2 0.1 0.4 0
105 0.2 0.1 0.4 0
106 0.2 0.1 0.4 0
107 0.2 0.1 0.4 0
108 0.2 0.1 0.4 0
109 0.2 0.1 0.4 0
110 0.2 0.1 0.4 0
111 0.2 0.1 0.4 0
112 0.2 0.1 0.4 0
113 0.2 0.1 0.4 0
114 0.1 0.1 0.4 0
115 0.2 0.1 0.4 0
116 0.2 0.1 0.4 0
117 0.1 0.1 0.4 0
118 0.1 0.1 0.4 0
119 0.1 0.1 0.4 0
120 0.1 0.1 0.3 0
121 0.1 0.1 0.3 0
122 0.2 0.1 0.3 0
123 0.1 0.1 0.3 0
124 0.2 0.1 0.3 0
125 0.1 0.1 0.3 0
126 0.2 0.1 0.3 0
127 0.1 0.1 0.3 0
128 0.2 0.1 0.3 0
129 0.1 0.1 0.3 0
130 0.2 0.1 0.3 0
131 0.1 0.1 0.3 0
132 0.2 0.1 0.3 0
133 0.2 0.1 0.3 0
134 0.2 0.1 0.4 0
135 0.1 0.1 0.4 0
136 0.2 0.1 0.4 0
137 0.2 0.1 0.4 0
138 0.2 0.1 0.4 0
139 0.2 0.1 0.4 0
140 0.2 0.1 0.4 0
141 0.2 0.1 0.4 0
142 0.2 0.1 0.4 0
143 0.2 0.1 0.4 0
144 0.2 0.1 0.4 0
145 0.1 0.1 0.4 0
146 0.1 0.1 0.4 0
147 0.1 0.1 0.4 0
148 0.1 0.1 0.4 0
149 0.1 0.1 0.4 0
150 0.1 0.1 0.4 0
151 0.1 0.1 0.4 0
152 0.1 0.1 0.4 0
153 0.1 0.1 0.4 0
154 0.1 0.1 0.4 0
155 0.1 0.1 0.4 0
156 0.1 0.1 0.4 0
157 0.1 0.1 0.5 0
158 0.1 0.1 0.5 0
159 0.1 0.1 0.5 0
160 0.1 0.1 0.5 0
161 0.1 0.1 0.5 0
162 0.1 0.1 0.4 0
163 0.1 0.1 0.4 0
164 0.2 0.1 0.5 0
165 0.2 0.1 0.5 0
166 0.2 0.1 0.5 0
167 0.2 0.1 0.5 0
168 0.2 0.1 0.5 0
169 0.2 0.1 0.5 0
170 0.2 0.1 0.6 0
171 0.2 0.1 0.6 0
172 0.2 0.1 0.5 0
173 0.2 0.1 0.5 0
174 0.2 0.1 0.5 0
175 0.1 0.1 0.5 0
176 0.1 0.1 0.5 0
177 0.1 0.1 0.5 0
178 0.1 0.1 0.5 0
179 0.1 0.1 0.5 0
180 0.1 0.1 0.5 0
181 0.1 0.1 0.5 0
182 0.1 0.1 0.5 0
183 0.1 0.1 0.5 0
184 0.1 0.1 0.5 0
185 0.1 0.1 0.5 0
186 0.1 0.1 0.5 0
187 0.1 0.1 0.5 0
188 0.1 0.1 0.5 0
189 0.1 0.1 0.5 0
190 0.1 0.1 0.5 0
191 0.1 0.1 0.5 0
192 0.1 0.1 0.5 0
193 0.1 0.1 0.5 0
194 0.1 0.1 0.5 0
195 0.1 0.1 0.5 0
196 0.1 0.1 0.5 0
197 0.1 0.1 0.5 0
198 0.1 0.1 0.5 0
199 0 0.1 0.5 0
200 0.1 0.1 0.5 0
201 0.1 0.1 0.5 0
202 0.1 0.1 0.5 0
203 0 0.1 0.5 0
204 0 0.1 0.5 0
205 0 0.1 0.5 0
206 0.1 0.1 0.5 0
207 0.1 0.1 0.5 0
208 0.1 0.1 0.5 0
209 0.1 0.1 0.5 0
210 0.1 0.1 0.5 0
211 0.1 0.1 0.5 0
212 0.1 0.1 0.5 0
213 0.1 0.1 0.5 0
214 0.1 0.1 0.5 0
215 0.1 0.1 0.5 0
216 0.1 0.1 0.5 0
217 0.1 0.1 0.5 0
218 0.1 0.1 0.5 0
219 0 0.1 0.5 0
220 0 0.1 0.5 0
221 0 0.1 0.5 0
222 0 0.1 0.5 0
223 0 0.1 0.5 0
224 0 0.1 0.6 0
225 0 0.1 0.6 0
226 0 0.1 0.6 0
227 0 0.1 0.5 0
228 0 0.1 0.5 0
229 0 0.1 0.5 0
230 0 0.1 0.5 0
231 0 0.1 0.5 0
232 0 0.1 0.5 0
233 0 0.1 0.5 0
234 0 0.1 0.5 0
235 0 0.1 0.5 0
236 0 0.1 0.5 0
237 0 0.1 0.5 0
238 0 0.1 0.5 0
239 0 0.1 0.5 0
240 0 0.1 0.5 0
241 0 0.1 0.5 0
242 0 0.1 0.5 0
243 0 0.1 0.5 0
244 0 0.1 0.5 0
245 0 0.1 0.4 0
246 0 0.1 0.4 0
247 0 0.1 0.4 0
248 0 0.1 0.4 0
249 0 0.1 0.4 0
250 0 0.1 0.4 0
251 0 0.1 0.5 0
252 0 0.1 0.5 0
253 0 0.1 0.5 0
254 0 0.1 0.5 0
255 0 0.1 0.5 0
256 0 0.1 0.5 0
257 0 0.1 0.5 0
258 0 0.1 0.5 0
259 0 0.1 0.5 0
260 0 0.1 0.5 0
261 0 0.1 0.5 0
262 0 0.1 0.5 0
263 0 0.1 0.5 0
264 0 0.1 0.5 0
265 0 0.1 0.5 0
266 0 0.1 0.5 0
267 0 0.1 0.5 0
268 0 0.1 0.4 0
269 0 0.1 0.4 0
270 0 0.1 0.4 0
271 0 0.1 0.4 0
272 0 0.1 0.4 0
273 0 0.1 0.4 0
274 0 0.1 0.4 0
275 0 0.1 0.4 0
276 0 0.1 0.4 0
277 0 0.1 0.3 0
278 0 0.1 0.4 0
279 0 0.1 0.4 0
280 0 0.1 0.4 0
281 0 0.1 0.4 0
282 0 0.1 0.4 0
283 0 0.1 0.4 0
284 0 0.1 0.4 0
285 0 0.1 0.5 0
286 0 0.1 0.5 0
287 0 0.1 0.4 0
288 0 0.1 0.4 0
289 0 0.1 0.4 0
290 0 0.1 0.4 0
291 0 0.1 0.3 0
292 0 0.1 0.3 0
293 0 0.1 0.3 0
294 0 0.1 0.3 0
295 0 0.1 0.3 0
296 0 0.1 0.3 0
297 0 0.1 0.3 0
298 0 0.1 0.3 0
299 0 0.1 0.3 0
300 0 0.1 0.3 0
301 0 0.1 0.3 0
302 0 0.1 0.3 0
303 0 0.1 0.3 0
304 0 0.1 0.3 0
305 0 0.1 0.3 0
306 0 0.1 0.3 0
307 0 0.1 0.3 0
308 0 0.1 0.3 0
309 0 0.1 0.3 0
310 0 0.1 0.3 0
311 0 0.1 0.3 0
312 0 0.1 0.3 0
313 0 0.1 0.3 0
314 0 0.1 0.3 0
315 0 0.1 0.3 0
316 0 0.1 0.3 0
317 0 0.1 0.3 0
318 0 0.1 0.3 0
319 0 0.1 0.3 0
320 0 0.1 0.4 0
321 0 0.1 0.4 0
322 0 0.1 0.4 0
323 0 0.1 0.3 0
324 0 0.1 0.3 0
325 0 0.1 0.3 0
326 0 0.1 0.3 0
327 0 0.1 0.3 0
328 0 0.1 0.3 0
329 0 0.1 0.3 0
330 0 0.1 0.3 0
331 0 0.1 0.3 0
332 0 0.1 0.3 0
333 0 0.1 0.3 0
334 0 0.1 0.3 0
335 0 0.1 0.3 0
336 0 0.1 0.3 0
337 0 0.1 0.3 0
338 0 0.1 0.3 0
339 0 0.1 0.3 0
340 0 0.1 0.3 0
341 0 0.1 0.3 0
342 0 0.1 0.3 0
343 0 0.1 0.3 0
344 0 0.1 0.3 0
345 0 0.1 0.3 0
346 0 0.1 0.3 0
347 0 0.1 0.3 0
348 0 0.1 0.3 0
349 0 0.1 0.3 0
350 0 0.1 0.3 0
351 0 0.1 0.3 0
352 0 0.1 0.3 0
353 0 0.1 0.4 0
354 0 0.1 0.4 0
355 0 0.1 0.4 0
356 0 0.1 0.4 0
357 0 0.1 0.4 0
358 0 0.1 0.4 0
359 0 0.1 0.3 0
360 0 0 0.3 0
361 0 0.1 0.3 0
362 0 0.1 0.2 0
363 0 0.1 0.2 0
364 0 0.1 0.2 0
365 0 0 0.2 0
366 0 0.1 0.1 0
367 0 0.1 0.1 0
368 0 0.1 0.1 0
369 0 0.1 0.1 0
370 0 0.1 0.1 0
371 0 0.1 0.1 0
372 0 0.1 0.1 0
373 0 0.1 0.2 0
374 0 0.1 0.2 0
375 0 0.1 0.1 0
376 0 0.1 0.1 0
377 0 0.1 0.1 0
378 0 0.1 0.1 0
379 0 0.1 0.1 0
380 0 0.1 0.1 0
381 0 0.1 0.1 0
382 0 0.1 0.1 0
383 0 0.1 0.1 0
384 0 0.1 0.1 0
385 0 0.1 0.1 0
386 0 0.1 0.1 0
387 0 0.1 0.1 0
388 0 0.1 0.1 0
389 0 0.1 0.1 0
390 0 0.1 0.1 0
391 0 0.1 0.1 0
392 0 0.1 0.1 0
393 0 0.1 0.1 0
394 0 0.1 0.1 0
395 0 0.1 0.1 0
396 0 0.1 0.1 0
397 0 0.1 0.1 0
398 0 0.1 0.1 0
399 0 0.1 0.1 0
400 0 0.1 0.1 0
401 0 0.1 0.1 0
402 0 0.1 0.1 0
403 0 0.1 0.1 0
404 0 0.1 0.1 0
405 0 0.1 0.1 0
406 0 0.1 0.1 0
407 0 0.1 0.1 0
408 0 0.1 0.1 0
409 0 0.1 0.1 0
410 0 0.1 0.1 0
411 0 0.1 0.1 0
412 0 0.1 0.1 0
413 0 0.1 0.1 0
414 0 0.1 0.1 0
415 0 0.1 0.1 0
416 0 0.1 0.1 0
417 0 0.1 0.1 0
418 0 0.1 0.1 0
419 0 0.1 0.1 0
420 0 0.1 0.2 0
421 0 0.1 0.1 0
422 0 0.1 0.1 0
423 0 0.1 0.1 0
424 0 0.1 0.1 0
425 0 0.1 0.1 0
426 0 0.1 0.1 0
427 0 0.1 0.1 0
428 0 0.1 0.1 0
429 0 0.1 0.1 0
430 0 0.1 0.1 0
431 0 0.1 0 0
432 0 0.1 0 0
433 0 0.1 0 0
434 0 0.1 0 0
435 0 0.1 0 0
436 0 0.1 0 0
437 0 0.1 0 0
438 0 0.1 0 0
439 0 0.1 0 0
440 0 0.1 0 0
441 0 0.1 0 0
442 0 0.1 0 0
443 0 0.1 0 0
444 0 0.1 0 0
445 0 0.1 0 0
446 0 0.1 0 0
447 0 0.1 0 0
448 0 0.1 0 0
449 0 0.1 0 0
450 0 0.1 0 0
451 0 0.1 0 0
452 0 0.1 0 0
453 0 0.1 0 0
454 0 0.1 0 0
455 0 0.1 0 0
456 0 0.1 0 0
457 0 0.1 0 0
458 0 0.1 0 0
459 0 0.1 0 0
460 0 0.1 0 0
461 0 0.1 0 0
462 0 0.1 0 0
463 0 0.1 0 0
464 0 0.1 0 0
465 0 0.1 0 0
466 0 0.1 0 0
467 0 0.1 0 0
468 0 0.1 0.1 0
469 0 0.1 0.1 0
470 0 0.1 0.1 0
471 0 0.1 0.1 0
472 0 0.1 0 0
473 0 0.1 0 0
474 0 0.1 0 0
475 0 0.1 0 0
476 0 0.1 0 0
477 0 0.1 0 0
478 0 0.1 0 0
479 0 0.1 0 0
480 0 0.1 0 0
481 0 0.1 0 0
482 0 0.1 0 0
483 0 0.1 0 0
484 0 0.1 0 0
485 0 0.1 0 0
486 0 0.1 0 0
487 0 0.1 0 0
488 0 0.1 0 0
489 0 0.1 0 0
490 0 0.1 0 0
491 0 0.1 0 0
492 0 0.1 0 0
493 0 0.1 0 0
494 0 0.1 0 0
495 0 0.1 0 0
496 0 0.1 0 0
497 0 0.1 0 0
498 0 0.1 0 0
499 0 0.1 0 0
500 0 0.1 0 0
501 0 0.1 0 0
502 0 0.1 0 0
503 0 0.1 0 0
504 0 0.1 0 0
505 0 0.1 0 0
506 0 0.1 0 0
507 0 0.1 0 0
508 0 0.1 0 0
509 0 0.1 0 0
510 0 0.1 0 0
511 0 0.1 0 0
512 0 0.1 0 0
513 0 0.1 0 0
514 0 0.1 0 0
515 0 0.1 0.1 0
516 0 0.1 0.1 0
517 0 0.1 0.1 0
518 0 0.1 0.1 0
519 0 0.1 0.1 0
520 0 0.1 0.1 0
521 0 0.1 0.1 0
522 0 0.1 0.1 0
523 0 0.1 0.1 0
524 0 0.1 0.1 0
525 0 0.1 0.1 0
526 0 0.1 0.1 0
527 0 0.1 0.1 0
528 0 0.1 0.1 0
529 0 0.1 0.1 0
530 0 0.1 0.1 0
531 0 0.1 0.1 0
532 0 0.1 0.1 0
533 0 0.1 0.1 0
534 0 0.1 0.1 0
535 0 0.1 0.1 0
536 0 0.1 0.1 0
537 0 0.1 0.1 0
538 0 0.1 0.1 0
539 0 0.1 0.1 0
540 0 0.1 0.1 0
541 0 0.1 0.1 0
542 0 0.1 0.1 0
543 0 0.1 0.1 0
544 0 0.1 0.1 0
545 0 0.1 0.1 0
546 0 0.1 0.1 0
547 0 0.1 0.1 0
548 0 0.1 0.1 0
549 0 0.1 0.1 0
550 0 0.1 0.1 0
551 0 0.1 0.1 0
552 0 0.1 0.1 0
553 0 0.1 0.1 0
554 0 0.1 0.1 0
555 0 0.1 0.1 0
556 0 0.1 0.1 0
557 0 0.1 0.1 0
558 0 0.1 0.1 0
559 0 0.1 0.1 0
560 0 0.1 0.1 0
561 0 0.1 0.1 0
562 0 0.1 0.1 0
563 0 0.1 0.1 0
564 0 0.1 0.1 0
565 0 0.1 0.1 0
566 0 0.1 0.1 0
567 0 0.1 0.1 0
568 0 0.1 0.1 0
569 0 0.1 0.1 0
570 0 0.1 0.1 0
571 0 0.1 0.1 0
572 0 0.1 0.1 0
573 0 0.1 0.1 0
574 0 0.1 0.1 0
575 0 0.1 0.1 0
576 0 0.1 0.1 0
577 0 0.1 0.1 0
578 0 0.1 0.1 0
579 0 0.1 0.1 0
580 0 0.1 0.1 0
581 0 0.1 0.1 0
582 0 0.1 0.1 0
583 0 0.1 0.1 0
584 0 0.1 0.1 0
585 0 0.1 0.1 0
586 0 0.1 0.1 0
587 0 0.1 0.1 0
588 0 0.1 0.1 0
589 0 0.1 0.1 0
590 0 0.1 0.1 0
591 0 0.1 0.1 0
592 0 0.1 0.1 0
593 0 0.1 0.1 0
594 0 0.1 0.1 0
595 0 0.1 0.1 0
596 0 0.1 0.1 0
597 0 0.1 0.1 0
598 0 0.1 0.1 0
599 0 0.1 0.1 0
600 0 0.1 0.1 0
601 0 0.1 0.1 0
602 0 0.1 0.1 0
603 0 0.1 0.1 0
604 0 0.1 0.1 0
605 0 0.1 0.1 0
606 0 0.1 0.1 0
607 0 0.1 0.1 0
608 0 0.1 0.1 0
609 0 0.1 0.1 0
610 0 0.1 0.1 0
611 0 0.1 0.1 0
612 0 0.1 0.1 0
613 0 0.1 0.1 0
614 0 0.1 0.1 0
615 0 0.1 0.1 0
616 0 0.1 0.1 0
617 0 0.1 0.1 0
618 0 0.1 0.1 0
619 0 0.1 0.1 0
620 0 0.1 0.2 0
621 0 0.1 0.2 0
622 0 0.1 0.2 0
623 0 0.1 0.3 0
624 0 0.1 0.3 0
625 0 0.1 0.3 0
626 0 0.1 0.3 0
627 0 0.1 0.3 0
628 0 0.1 0.2 0
629 0 0.1 0.2 0
630 0 0.1 0.2 0
631 0 0.1 0.2 0
632 0 0.1 0.2 0
633 0 0.1 0.2 0
634 0 0.1 0.2 0
635 0 0.1 0.2 0
636 0 0.1 0.2 0
637 0 0.1 0.2 0
638 0 0.1 0.2 0
639 0 0.1 0.2 0
640 0 0.1 0.2 0
641 0 0.1 0.2 0
642 0 0.1 0.2 0
643 0 0.1 0.2 0
644 0 0.1 0.2 0
645 0 0.1 0.2 0
646 0 0.1 0.2 0
647 0 0.1 0.2 0
648 0 0.1 0.3 0
649 0 0.1 0.3 0
650 0 0.1 0.3 0
651 0 0.1 0.3 0
652 0 0.1 0.3 0
653 0 0.1 0.3 0
654 0 0.1 0.3 0
655 0 0.1 0.3 0
656 0 0.1 0.3 0
657 0 0.1 0.2 0
658 0 0.1 0.2 0
659 0 0.1 0.2 0
660 0 0.1 0.2 0
661 0 0.1 0.2 0
662 0 0.1 0.2 0
663 0 0.1 0.2 0
664 0 0.1 0.2 0
665 0 0.1 0.2 0
666 0 0.1 0.2 0
667 0 0.1 0.2 0
668 0 0.1 0.2 0
669 0 0.1 0.2 0
670 0 0.1 0.2 0
671 0 0.1 0.2 0
672 0 0.1 0.2 0
673 0 0.1 0.3 0
674 0 0.1 0.3 0
675 0 0.1 0.3 0
676 0 0.1 0.3 0
677 0 0.1 0.3 0
678 0 0.1 0.3 0
679 0 0.1 0.3 0
680 0 0.1 0.3 0
681 0 0.1 0.3 0
682 0 0.1 0.3 0
683 0 0.1 0.3 0
684 0 0.1 0.3 0
685 0 0.1 0.3 0
686 0 0.1 0.3 0
687 0 0.1 0.3 0
688 0 0.1 0.3 0
689 0 0.1 0.3 0
690 0 0.1 0.3 0
691 0 0.1 0.3 0
692 0 0.1 0.3 0
693 0 0.1 0.3 0
694 0 0.1 0.3 0
695 0 0.1 0.3 0
696 0 0.1 0.3 0
697 0 0.1 0.3 0
698 0 0.1 0.3 0
699 0 0.1 0.3 0
700 0 0.1 0.3 0
701 0 0.1 0.3 0
702 0 0.1 0.3 0
703 0 0.1 0.3 0
704 0 0.1 0.3 0
705 0 0.1 0.3 0
706 0 0.1 0.3 0
707 0 0.1 0.3 0
708 0 0.1 0.3 0
709 0 0.1 0.3 0
710 0 0.1 0.3 0
711 0 0.1 0.3 0
712 0 0.1 0.3 0
713 0 0.1 0.3 0
714 0 0.1 0.3 0
715 0 0.1 0.3 0
716 0 0.1 0.3 0
717 0 0.1 0.3 0
718 0 0.1 0.3 0
719 0 0.1 0.3 0
720 0 0.1 0.3 0
721 0 0.1 0.3 0
722 0 0.1 0.3 0
723 0 0.1 0.3 0
724 0 0.1 0.3 0
725 0 0.1 0.3 0
726 0 0.1 0.3 0
727 0 0.1 0.3 0
728 0 0.1 0.3 0
729 0 0.1 0.3 0
730 0 0.1 0.4 0
731 0 0.1 0.3 0
732 0 0.1 0.3 0
733 0 0.1 0.3 0
734 0 0.1 0.3 0
735 0 0.1 0.3 0
736 0 0.1 0.3 0
737 0 0.1 0.3 0
738 0 0.1 0.3 0
739 0 0.1 0.3 0
740 0 0.1 0.3 0
741 0 0.1 0.4 0
742 0 0.1 0.4 0
743 0 0.1 0.4 0
744 0 0.1 0.4 0
745 0 0.1 0.4 0
746 0 0.1 0.4 0
747 0 0.1 0.4 0
748 0 0.1 0.4 0
749 0 0.1 0.4 0
750 0 0.1 0.3 0
751 0 0.1 0.3 0
752 0 0.1 0.3 0
753 0 0.1 0.3 0
754 0 0.1 0.3 0
755 0 0.1 0.3 0
756 0 0.1 0.3 0
757 0 0.1 0.3 0
758 0 0.1 0.3 0
759 0 0.1 0.3 0
760 0 0.1 0.3 0
761 0 0.1 0.3 0
762 0 0.1 0.3 0
763 0 0.1 0.3 0
764 0 0.1 0.3 0
765 0 0.1 0.3 0
766 0 0.1 0.3 0
767 0 0.1 0.3 0
768 0 0.1 0.3 0
769 0 0.1 0.3 0
770 0 0.1 0.3 0
771 0 0.1 0.3 0
772 0 0.1 0.3 0
773 0 0.1 0.3 0
774 0 0.1 0.3 0
775 0 0.1 0.3 0
776 0 0.1 0.3 0
777 0 0.1 0.3 0
778 0 0.1 0.3 0
779 0 0.1 0.3 0
780 0 0.1 0.3 0
781 0 0.1 0.3 0
782 0 0.1 0.3 0
783 0 0.1 0.3 0
784 0 0.1 0.3 0
785 0 0.1 0.3 0
786 0 0.1 0.3 0
787 0 0.1 0.3 0
788 0 0.1 0.3 0
789 0 0.1 0.3 0
790 0 0.1 0.3 0
791 0 0.1 0.3 0
792 0 0.1 0.3 0
793 0 0.1 0.3 0
794 0 0.1 0.3 0
795 0 0.1 0.3 0
796 0 0.1 0.3 0
797 0 0.1 0.3 0
798 0 0.1 0.3 0
799 0 0.1 0.3 0
800 0 0.1 0.3 0
801 0 0.1 0.3 0
802 0 0.1 0.3 0
803 0 0 0.3 0
804 0 0.1 0.3 0
805 0 0.1 0.3 0
806 0 0.1 0.3 0
807 0 0.1 0.3 0
808 0 0.1 0.3 0
809 0 0.1 0.3 0
810 0 0.1 0.3 0
811 0 0.1 0.3 0
812 0 0.1 0.3 0
813 0 0.1 0.3 0
814 0 0.1 0.3 0
815 0 0.1 0.3 0
816 0 0.1 0.3 0
817 0 0.1 0.3 0
818 0 0.1 0.3 0
819 0 0.1 0.3 0
820 0 0.1 0.3 0
821 0 0.1 0.3 0
822 0 0.1 0.3 0
823 0 0.1 0.3 0
824 0 0.1 0.3 0
825 0 0.1 0.3 0
826 0 0.1 0.3 0
827 0 0.1 0.3 0
828 0 0.1 0.3 0
829 0 0.1 0.3 0
830 0 0.1 0.3 0
831 0 0.1 0.3 0
832 0 0.1 0.3 0
833 0 0.1 0.3 0
834 0 0.1 0.3 0
835 0 0.1 0.3 0
836 0 0.1 0.3 0
837 0 0.1 0.3 0
838 0 0.1 0.3 0
839 0 0.1 0.3 0
840 0 0.1 0.3 0
841 0 0.1 0.3 0
842 0 0.1 0.3 0
843 0 0.1 0.3 0
844 0 0.1 0.3 0
845 0 0.1 0.3 0
846 0 0.1 0.2 0
847 0 0.1 0.2 0
848 0 0.1 0.2 0
849 0 0.1 0.2 0
850 0 0.1 0.2 0
851 0 0.1 0.2 0
852 0 0.1 0.2 0
853 0 0.1 0.2 0
854 0 0.1 0.2 0
855 0 0.1 0.2 0
856 0 0.1 0.2 0
857 0 0.1 0.2 0
858 0 0.1 0.2 0
859 0 0.1 0.2 0
860 0 0.1 0.2 0
861 0 0.1 0.2 0
862 0 0.1 0.2 0
863 0 0.1 0.3 0
864 0 0.1 0.3 0
865 0 0.1 0.3 0
866 0 0.1 0.3 0
867 0 0.1 0.3 0
868 0 0.1 0.2 0
869 0 0 0.2 0
870 0 0 0.3 0
871 0 0 0.3 0
872 0 0 0.3 0
873 0 0 0.3 0
874 0 0 0.3 0
875 0 0 0.3 0
876 0 0 0.2 0
877 0 0 0.2 0
878 0 0 0.2 0
879 0 0 0.2 0
880 0 0 0.2 0
881 0 0 0.2 0
882 0 0 0.2 0
883 0 0 0.2 0
884 0 0 0.2 0
885 0 0 0.2 0
886 0 0 0.2 0
887 0 0 0.2 0
888 0 0 0.2 0
889 0 0 0.2 0
890 0 0 0.2 0
891 0 0 0.2 0
892 0 0 0.2 0
893 0 0 0.2 0
894 0 0 0.2 0
895 0 0 0.2 0
896 0 0 0.2 0
897 0 0 0.2 0
898 0 0 0.2 0
899 0 0 0.2 0
900 0 0 0.2 0
901 0 0 0.2 0
902 0 0 0.2 0
903 0 0 0.2 0
904 0 0 0.2 0
905 0 0 0.2 0
906 0 0 0.2 0
907 0 0 0.2 0
908 0 0 0.2 0
909 0 0 0.2 0
910 0 0 0.2 0
911 0 0 0.2 0
912 0 0 0.2 0
913 0 0 0.2 0
914 0 0 0.2 0
915 0 0 0.2 0
916 0 0 0.2 0
917 0 0 0.2 0
918 0 0 0.2 0
919 0 0 0.2 0
920 0 0 0.2 0
921 0 0 0.2 0
922 0 0 0.2 0
923 0 0 0.2 0
924 0 0 0.2 0
925 0 0 0.2 0
926 0 0 0.2 0
927 0 0 0.2 0
928 0 0 0.2 0
929 0 0 0.2 0
930 0 0 0.2 0
931 0 0 0.2 0
932 0 0 0.2 0
933 0 0 0.2 0
934 0 0 0.2 0
935 0 0 0.2 0
936 0 0 0.2 0
937 0 0 0.2 0
938 0 0 0.2 0
939 0 0 0.2 0
940 0 0 0.2 0
941 0 0 0.2 0
942 0 0 0.2 0
943 0 0 0.2 0
944 0 0 0.2 0
945 0 0 0.2 0
946 0 0 0.2 0
947 0 0 0.2 0
948 0 0 0.2 0
949 0 0 0.2 0
950 0 0 0.2 0
951 0 0 0.2 0
952 0 0 0.2 0
953 0 0 0.2 0
954 0 0 0.2 0
955 0 0 0.2 0
956 0 0 0.2 0
957 0 0 0.2 0
958 0 0 0.2 0
959 0 0 0.2 0
960 0 0 0.2 0
961 0 0 0.2 0
962 0 0 0.2 0
963 0 0 0.2 0
964 0 0 0.2 0
965 0 0 0.2 0
966 0 0 0.2 0
967 0 0 0.2 0
968 0 0 0.2 0
969 0 0 0.2 0
970 0 0 0.2 0
971 0 0 0.2 0
972 0 0 0.2 0
973 0 0 0.2 0
974 0 0 0.2 0
975 0 0 0.2 0
976 0 0 0.2 0
977 0 0 0.2 0
978 0 0 0.2 0
979 0 0 0.2 0
980 0 0 0.2 0
981 0 0 0.2 0
982 0 0 0.2 0
983 0 0 0.2 0
984 0 0 0.2 0
985 0 0 0.2 0
986 0 0 0.2 0
987 0 0 0.2 0
988 0 0 0.2 0
989 0 0 0.2 0
990 0 0 0.2 0
991 0 0 0.2 0
992 0 0 0.2 0
993 0 0 0.2 0
994 0 0 0.2 0
995 0 0 0.2 0
996 0 0 0.2 0
997 0 0 0.2 0
998 0 0 0.2 0
999 0 0 0.2 0
1000 0 0 0.2 0

